1 0 1
2 0 1
3 0 1
4 0 1
5 0 1
6 0 1
7 0 1
8 0 1
9 0 1
10 1 2
11 0 2
12 1 2
13 1 2
14 1 2
15 1 2
16 1 2
17 1 2
18 1 2
19 2 3
20 1 2
21 1 2
22 0 2
23 1 2
24 1 2
25 1 2
26 1 2
27 1 2
28 2 3
29 1 3
30 1 2
31 1 2
32 1 2
33 0 2
34 1 2
35 1 2
36 1 2
37 2 3
38 1 3
39 2 3
40 1 2
41 1 2
42 1 2
43 1 2
44 0 2
45 1 2
46 2 3
47 1 3
48 2 3
49 2 3
50 1 2
51 1 2
52 1 2
53 1 2
54 1 2
55 0 2
56 1 3
57 2 3
58 2 3
59 3 4
60 1 2
61 1 2
62 1 2
63 1 2
64 2 3
65 1 3
66 0 2
67 2 3
68 3 4
69 4 4
70 1 2
71 1 2
72 1 2
73 2 3
74 1 3
75 2 3
76 2 3
77 0 2
78 4 4
79 6 5
80 1 2
81 1 2
82 2 3
83 1 3
84 2 3
85 2 3
86 3 4
87 4 4
88 0 2
89 24 13
90 1 2
91 2 3
92 1 3
93 2 3
94 2 3
95 3 4
96 4 4
97 6 5
98 24 13
99 0 2
100 1 3
101 0 3
102 1 3
103 1 3
104 1 3
105 1 3
106 1 3
107 1 3
108 1 3
109 2 4
110 1 3
111 0 3
112 1 3
113 1 3
114 1 3
115 1 3
116 1 3
117 1 3
118 1 3
119 2 4
120 1 3
121 0 3
122 1 3
123 1 3
124 1 3
125 1 3
126 1 3
127 1 3
128 1 3
129 2 4
130 1 3
131 0 3
132 1 3
133 1 3
134 1 3
135 1 3
136 1 3
137 1 3
138 1 3
139 2 4
140 1 3
141 0 3
142 1 3
143 1 3
144 1 3
145 1 3
146 1 3
147 1 3
148 1 3
149 2 4
150 2 3
151 0 3
152 2 3
153 2 3
154 2 4
155 3 4
156 3 4
157 3 4
158 3 5
159 2 4
160 2 3
161 0 3
162 2 3
163 2 3
164 3 4
165 3 4
166 5 5
167 11 8
168 3 5
169 2 4
170 2 3
171 0 3
172 2 3
173 2 3
174 4 4
175 4 4
176 5 5
177 15 10
178 3 5
179 2 4
180 3 3
181 0 3
182 6 5
183 4 5
184 3 4
185 3 4
186 3 4
187 23 13
188 7 6
189 2 4
190 7 5
191 0 3
192 4 4
193 8 6
194 3 4
195 4 4
196 -1 411
197 7 6
198 5 5
199 3 4
200 1 3
201 1 3
202 0 3
203 1 3
204 1 3
205 1 3
206 1 3
207 1 3
208 2 4
209 1 4
210 1 3
211 1 3
212 0 3
213 1 3
214 1 3
215 1 3
216 1 3
217 1 3
218 2 4
219 2 4
220 1 3
221 1 3
222 0 3
223 1 3
224 1 3
225 1 3
226 1 3
227 1 3
228 2 4
229 2 4
230 1 3
231 1 3
232 0 3
233 1 3
234 1 3
235 1 3
236 1 3
237 1 3
238 2 4
239 2 4
240 1 3
241 1 3
242 0 3
243 1 3
244 1 3
245 1 3
246 1 3
247 1 3
248 2 4
249 3 4
250 2 3
251 2 3
252 0 3
253 2 4
254 3 4
255 3 4
256 3 4
257 3 5
258 2 4
259 2 4
260 2 3
261 2 3
262 0 3
263 3 4
264 3 4
265 5 5
266 11 8
267 3 5
268 2 4
269 2 4
270 2 3
271 2 3
272 0 3
273 4 4
274 4 4
275 5 5
276 15 10
277 3 5
278 2 4
279 2 4
280 4 4
281 6 5
282 0 3
283 3 4
284 3 4
285 3 4
286 23 13
287 7 6
288 2 4
289 2 4
290 4 4
291 4 4
292 0 3
293 3 4
294 4 4
295 -1 411
296 7 6
297 5 5
298 3 4
299 3 4
300 1 3
301 1 3
302 1 3
303 0 3
304 1 3
305 1 3
306 1 3
307 2 4
308 1 4
309 2 4
310 1 3
311 1 3
312 1 3
313 0 3
314 1 3
315 1 3
316 1 3
317 2 4
318 2 4
319 2 4
320 1 3
321 1 3
322 1 3
323 0 3
324 1 3
325 1 3
326 1 3
327 2 4
328 2 4
329 2 4
330 1 3
331 1 3
332 1 3
333 0 3
334 1 3
335 1 3
336 1 3
337 2 4
338 2 4
339 2 4
340 1 3
341 1 3
342 1 3
343 0 3
344 1 3
345 1 3
346 1 3
347 2 4
348 3 4
349 3 4
350 2 3
351 2 3
352 2 4
353 0 3
354 3 4
355 3 4
356 3 5
357 2 4
358 2 4
359 2 4
360 2 3
361 2 3
362 3 4
363 0 3
364 5 5
365 11 8
366 3 5
367 2 4
368 2 4
369 2 4
370 2 3
371 2 3
372 4 4
373 0 3
374 5 5
375 15 10
376 3 5
377 2 4
378 2 4
379 2 4
380 6 5
381 4 5
382 3 4
383 0 3
384 3 4
385 23 13
386 7 6
387 2 4
388 2 4
389 3 4
390 4 4
391 8 6
392 3 4
393 0 3
394 -1 411
395 7 6
396 5 5
397 3 4
398 3 4
399 3 4
400 1 3
401 1 3
402 1 3
403 1 3
404 0 3
405 1 3
406 2 4
407 1 4
408 2 4
409 2 4
410 1 3
411 1 3
412 1 3
413 1 3
414 0 3
415 1 3
416 2 4
417 2 4
418 2 4
419 2 4
420 1 3
421 1 3
422 1 3
423 1 3
424 0 3
425 1 3
426 2 4
427 2 4
428 2 4
429 2 4
430 1 3
431 1 3
432 1 3
433 1 3
434 0 3
435 1 3
436 2 4
437 2 4
438 2 4
439 3 4
440 1 3
441 1 3
442 1 3
443 1 3
444 0 3
445 1 3
446 2 4
447 3 4
448 3 4
449 3 4
450 2 3
451 2 4
452 3 4
453 3 4
454 0 3
455 3 5
456 2 4
457 2 4
458 2 4
459 2 4
460 2 3
461 3 4
462 3 4
463 5 5
464 0 3
465 3 5
466 2 4
467 2 4
468 2 4
469 2 4
470 2 3
471 4 4
472 4 4
473 5 5
474 0 3
475 3 5
476 2 4
477 2 4
478 2 4
479 2 4
480 4 5
481 3 4
482 3 4
483 3 4
484 0 3
485 7 6
486 2 4
487 2 4
488 3 4
489 3 4
490 8 6
491 3 4
492 4 4
493 -1 411
494 0 3
495 5 5
496 3 4
497 3 4
498 3 4
499 3 4
500 1 3
501 1 3
502 1 3
503 1 3
504 1 3
505 0 3
506 1 4
507 2 4
508 2 4
509 2 4
510 1 3
511 1 3
512 1 3
513 1 3
514 1 3
515 0 3
516 2 4
517 2 4
518 2 4
519 2 4
520 1 3
521 1 3
522 1 3
523 1 3
524 1 3
525 0 3
526 2 4
527 2 4
528 2 4
529 2 4
530 1 3
531 1 3
532 1 3
533 1 3
534 1 3
535 0 3
536 2 4
537 2 4
538 3 4
539 4 5
540 1 3
541 1 3
542 1 3
543 1 3
544 1 3
545 0 3
546 3 4
547 3 4
548 3 4
549 5 5
550 2 4
551 3 4
552 3 4
553 3 4
554 3 5
555 0 3
556 2 4
557 2 4
558 2 4
559 2 4
560 3 4
561 3 4
562 5 5
563 11 8
564 3 5
565 0 3
566 2 4
567 2 4
568 2 4
569 2 4
570 4 4
571 4 4
572 5 5
573 15 10
574 3 5
575 0 3
576 2 4
577 2 4
578 2 4
579 4 5
580 3 4
581 3 4
582 3 4
583 23 13
584 7 6
585 0 3
586 2 4
587 3 4
588 3 4
589 8 7
590 3 4
591 4 4
592 -1 411
593 7 6
594 5 5
595 0 3
596 3 4
597 3 4
598 3 4
599 4 5
600 1 3
601 1 3
602 1 3
603 1 3
604 2 4
605 1 4
606 0 3
607 2 4
608 2 4
609 2 4
610 1 3
611 1 3
612 1 3
613 1 3
614 2 4
615 2 4
616 0 3
617 2 4
618 2 4
619 2 4
620 1 3
621 1 3
622 1 3
623 1 3
624 2 4
625 2 4
626 0 3
627 2 4
628 2 4
629 4 5
630 1 3
631 1 3
632 1 3
633 1 3
634 2 4
635 2 4
636 0 3
637 3 4
638 4 5
639 5 5
640 1 3
641 1 3
642 1 3
643 1 3
644 2 4
645 3 4
646 0 3
647 3 4
648 5 5
649 4 5
650 3 4
651 3 4
652 3 4
653 3 5
654 2 4
655 2 4
656 0 3
657 2 4
658 2 4
659 2 4
660 3 4
661 5 5
662 11 8
663 3 5
664 2 4
665 2 4
666 0 3
667 2 4
668 2 4
669 2 4
670 4 4
671 5 5
672 15 10
673 3 5
674 2 4
675 2 4
676 0 3
677 2 4
678 4 5
679 4 5
680 3 4
681 3 4
682 23 13
683 7 6
684 2 4
685 2 4
686 0 3
687 3 4
688 8 7
689 -1 411
690 4 4
691 -1 411
692 7 6
693 5 5
694 3 4
695 3 4
696 0 3
697 3 4
698 4 5
699 4 5
700 1 3
701 1 3
702 1 3
703 2 4
704 1 4
705 2 4
706 2 4
707 0 3
708 2 4
709 2 4
710 1 3
711 1 3
712 1 3
713 2 4
714 2 4
715 2 4
716 2 4
717 0 3
718 2 4
719 2 4
720 1 3
721 1 3
722 1 3
723 2 4
724 2 4
725 2 4
726 2 4
727 0 3
728 4 5
729 4 5
730 1 3
731 1 3
732 1 3
733 2 4
734 2 4
735 2 4
736 3 4
737 0 3
738 5 5
739 17 10
740 1 3
741 1 3
742 1 3
743 2 4
744 3 4
745 3 4
746 3 4
747 0 3
748 4 5
749 4 5
750 3 4
751 3 4
752 3 5
753 2 4
754 2 4
755 2 4
756 2 4
757 0 3
758 2 4
759 2 4
760 5 5
761 11 8
762 3 5
763 2 4
764 2 4
765 2 4
766 2 4
767 0 3
768 2 4
769 4 5
770 5 5
771 15 10
772 3 5
773 2 4
774 2 4
775 2 4
776 2 4
777 0 3
778 4 5
779 6 6
780 3 4
781 23 13
782 7 6
783 2 4
784 2 4
785 3 4
786 3 4
787 0 3
788 -1 411
789 4 5
790 -1 411
791 7 6
792 5 5
793 3 4
794 3 4
795 3 4
796 3 4
797 0 3
798 4 5
799 6 6
800 1 3
801 1 3
802 2 4
803 1 4
804 2 4
805 2 4
806 2 4
807 2 4
808 0 3
809 2 4
810 1 3
811 1 3
812 2 4
813 2 4
814 2 4
815 2 4
816 2 4
817 2 4
818 0 3
819 4 5
820 1 3
821 1 3
822 2 4
823 2 4
824 2 4
825 2 4
826 2 4
827 4 5
828 0 3
829 10 8
830 1 3
831 1 3
832 2 4
833 2 4
834 2 4
835 3 4
836 4 5
837 5 5
838 0 3
839 4 5
840 1 3
841 1 3
842 2 4
843 3 4
844 3 4
845 3 4
846 5 5
847 4 5
848 0 3
849 14 10
850 3 4
851 3 5
852 2 4
853 2 4
854 2 4
855 2 4
856 2 4
857 2 4
858 0 3
859 2 4
860 11 8
861 3 5
862 2 4
863 2 4
864 2 4
865 2 4
866 2 4
867 2 4
868 0 3
869 22 13
870 15 10
871 3 5
872 2 4
873 2 4
874 2 4
875 2 4
876 4 5
877 4 5
878 0 3
879 -1 427
880 23 13
881 7 6
882 2 4
883 2 4
884 3 4
885 3 4
886 8 7
887 -1 411
888 0 3
889 6 6
890 7 6
891 5 5
892 3 4
893 3 4
894 3 4
895 3 4
896 4 5
897 4 5
898 0 3
899 17 12
900 1 3
901 2 4
902 1 4
903 2 4
904 2 4
905 2 4
906 2 4
907 2 4
908 2 4
909 0 3
910 1 3
911 2 4
912 2 4
913 2 4
914 2 4
915 2 4
916 2 4
917 2 4
918 4 5
919 0 3
920 1 3
921 2 4
922 2 4
923 2 4
924 2 4
925 2 4
926 4 5
927 4 5
928 10 8
929 0 3
930 1 3
931 2 4
932 2 4
933 2 4
934 3 4
935 4 5
936 5 5
937 17 10
938 4 5
939 0 3
940 1 3
941 2 4
942 3 4
943 3 4
944 3 4
945 5 5
946 4 5
947 4 5
948 14 10
949 0 3
950 3 5
951 2 4
952 2 4
953 2 4
954 2 4
955 2 4
956 2 4
957 2 4
958 2 4
959 0 3
960 3 5
961 2 4
962 2 4
963 2 4
964 2 4
965 2 4
966 2 4
967 4 5
968 22 13
969 0 3
970 3 5
971 2 4
972 2 4
973 2 4
974 2 4
975 4 5
976 4 5
977 6 6
978 -1 427
979 0 3
980 7 6
981 2 4
982 2 4
983 3 4
984 3 4
985 8 7
986 -1 411
987 4 5
988 6 6
989 0 3
990 5 5
991 3 4
992 3 4
993 3 4
994 3 4
995 4 5
996 4 5
997 6 6
998 17 12
999 0 3
1000 1 4
1001 0 4
1002 1 4
1003 1 4
1004 1 4
1005 1 4
1006 1 4
1007 1 4
1008 1 4
1009 2 5
1010 1 4
1011 1 4
1012 1 4
1013 1 4
1014 1 4
1015 1 4
1016 1 4
1017 1 4
1018 1 4
1019 2 5
1020 1 4
1021 1 4
1022 1 4
1023 1 4
1024 1 4
1025 1 4
1026 1 4
1027 1 4
1028 1 4
1029 2 5
1030 1 4
1031 1 4
1032 1 4
1033 1 4
1034 1 4
1035 1 4
1036 1 4
1037 1 4
1038 1 4
1039 2 5
1040 1 4
1041 1 4
1042 1 4
1043 1 4
1044 1 4
1045 1 4
1046 1 4
1047 1 4
1048 1 4
1049 2 5
1050 1 4
1051 1 4
1052 1 4
1053 1 4
1054 1 4
1055 1 4
1056 1 4
1057 1 4
1058 1 4
1059 4 5
1060 1 4
1061 1 4
1062 1 4
1063 1 4
1064 1 4
1065 1 4
1066 1 4
1067 1 4
1068 1 4
1069 6 6
1070 1 4
1071 1 4
1072 1 4
1073 1 4
1074 1 4
1075 1 4
1076 1 4
1077 1 4
1078 1 4
1079 6 6
1080 1 4
1081 1 4
1082 1 4
1083 1 4
1084 1 4
1085 1 4
1086 1 4
1087 1 4
1088 1 4
1089 4 5
1090 1 4
1091 1 4
1092 1 4
1093 1 4
1094 1 4
1095 1 4
1096 1 4
1097 1 4
1098 1 4
1099 2 5
1100 1 4
1101 1 4
1102 1 4
1103 1 4
1104 1 4
1105 1 4
1106 1 4
1107 1 4
1108 1 4
1109 2 5
1110 1 4
1111 0 4
1112 1 4
1113 1 4
1114 1 4
1115 1 4
1116 1 4
1117 1 4
1118 1 4
1119 2 5
1120 1 4
1121 1 4
1122 1 4
1123 1 4
1124 1 4
1125 1 4
1126 1 4
1127 1 4
1128 1 4
1129 2 5
1130 1 4
1131 1 4
1132 1 4
1133 1 4
1134 1 4
1135 1 4
1136 1 4
1137 1 4
1138 1 4
1139 2 5
1140 1 4
1141 1 4
1142 1 4
1143 1 4
1144 1 4
1145 1 4
1146 1 4
1147 1 4
1148 1 4
1149 4 5
1150 1 4
1151 1 4
1152 1 4
1153 1 4
1154 1 4
1155 1 4
1156 1 4
1157 1 4
1158 1 4
1159 6 6
1160 1 4
1161 1 4
1162 1 4
1163 1 4
1164 1 4
1165 1 4
1166 1 4
1167 1 4
1168 1 4
1169 6 6
1170 1 4
1171 1 4
1172 1 4
1173 1 4
1174 1 4
1175 1 4
1176 1 4
1177 1 4
1178 1 4
1179 4 5
1180 1 4
1181 1 4
1182 1 4
1183 1 4
1184 1 4
1185 1 4
1186 1 4
1187 1 4
1188 1 4
1189 2 5
1190 2 4
1191 2 4
1192 2 4
1193 2 4
1194 3 5
1195 3 5
1196 3 5
1197 3 5
1198 3 6
1199 2 5
1200 1 4
1201 1 4
1202 1 4
1203 1 4
1204 1 4
1205 1 4
1206 1 4
1207 1 4
1208 1 4
1209 2 5
1210 1 4
1211 1 4
1212 1 4
1213 1 4
1214 1 4
1215 1 4
1216 1 4
1217 1 4
1218 1 4
1219 2 5
1220 1 4
1221 0 4
1222 1 4
1223 1 4
1224 1 4
1225 1 4
1226 1 4
1227 1 4
1228 1 4
1229 2 5
1230 1 4
1231 1 4
1232 1 4
1233 1 4
1234 1 4
1235 1 4
1236 1 4
1237 1 4
1238 1 4
1239 4 5
1240 1 4
1241 1 4
1242 1 4
1243 1 4
1244 1 4
1245 1 4
1246 1 4
1247 1 4
1248 1 4
1249 6 6
1250 1 4
1251 1 4
1252 1 4
1253 1 4
1254 1 4
1255 1 4
1256 1 4
1257 1 4
1258 1 4
1259 6 6
1260 1 4
1261 1 4
1262 1 4
1263 1 4
1264 1 4
1265 1 4
1266 1 4
1267 1 4
1268 1 4
1269 4 5
1270 1 4
1271 1 4
1272 1 4
1273 1 4
1274 1 4
1275 1 4
1276 1 4
1277 1 4
1278 1 4
1279 2 5
1280 2 4
1281 2 4
1282 2 4
1283 2 4
1284 3 5
1285 3 5
1286 3 5
1287 3 5
1288 3 6
1289 2 5
1290 2 4
1291 2 4
1292 2 4
1293 2 4
1294 3 5
1295 3 5
1296 3 5
1297 21 13
1298 3 6
1299 2 5
1300 1 4
1301 1 4
1302 1 4
1303 1 4
1304 1 4
1305 1 4
1306 1 4
1307 1 4
1308 1 4
1309 2 5
1310 1 4
1311 1 4
1312 1 4
1313 1 4
1314 1 4
1315 1 4
1316 1 4
1317 1 4
1318 1 4
1319 2 5
1320 1 4
1321 1 4
1322 1 4
1323 1 4
1324 1 4
1325 1 4
1326 1 4
1327 1 4
1328 1 4
1329 4 5
1330 1 4
1331 0 4
1332 1 4
1333 1 4
1334 1 4
1335 1 4
1336 1 4
1337 1 4
1338 1 4
1339 6 6
1340 1 4
1341 1 4
1342 1 4
1343 1 4
1344 1 4
1345 1 4
1346 1 4
1347 1 4
1348 1 4
1349 6 6
1350 1 4
1351 1 4
1352 1 4
1353 1 4
1354 1 4
1355 1 4
1356 1 4
1357 1 4
1358 1 4
1359 4 5
1360 1 4
1361 1 4
1362 1 4
1363 1 4
1364 1 4
1365 1 4
1366 1 4
1367 1 4
1368 1 4
1369 2 5
1370 2 4
1371 2 4
1372 2 4
1373 2 4
1374 3 5
1375 3 5
1376 3 5
1377 3 5
1378 3 6
1379 2 5
1380 2 4
1381 2 4
1382 2 4
1383 2 4
1384 3 5
1385 3 5
1386 3 5
1387 21 13
1388 3 6
1389 2 5
1390 2 4
1391 2 4
1392 2 4
1393 2 4
1394 7 7
1395 4 5
1396 5 6
1397 9 8
1398 3 6
1399 2 5
1400 1 4
1401 1 4
1402 1 4
1403 1 4
1404 1 4
1405 1 4
1406 1 4
1407 1 4
1408 1 4
1409 2 5
1410 1 4
1411 1 4
1412 1 4
1413 1 4
1414 1 4
1415 1 4
1416 1 4
1417 1 4
1418 1 4
1419 4 5
1420 1 4
1421 1 4
1422 1 4
1423 1 4
1424 1 4
1425 1 4
1426 1 4
1427 1 4
1428 1 4
1429 6 6
1430 1 4
1431 1 4
1432 1 4
1433 1 4
1434 1 4
1435 1 4
1436 1 4
1437 1 4
1438 1 4
1439 6 6
1440 1 4
1441 0 4
1442 1 4
1443 1 4
1444 1 4
1445 1 4
1446 1 4
1447 1 4
1448 1 4
1449 4 5
1450 1 4
1451 1 4
1452 1 4
1453 1 4
1454 1 4
1455 1 4
1456 1 4
1457 1 4
1458 1 4
1459 2 5
1460 2 4
1461 2 4
1462 2 4
1463 2 4
1464 3 5
1465 3 5
1466 3 5
1467 3 5
1468 3 6
1469 2 5
1470 2 4
1471 2 4
1472 2 4
1473 2 4
1474 3 5
1475 3 5
1476 3 5
1477 21 13
1478 3 6
1479 2 5
1480 2 4
1481 2 4
1482 2 4
1483 2 4
1484 7 7
1485 4 5
1486 5 6
1487 9 8
1488 3 6
1489 2 5
1490 2 4
1491 2 4
1492 2 4
1493 2 4
1494 4 5
1495 -1 412
1496 16 10
1497 -1 428
1498 4 6
1499 2 5
1500 1 4
1501 1 4
1502 1 4
1503 1 4
1504 1 4
1505 1 4
1506 1 4
1507 1 4
1508 1 4
1509 4 5
1510 1 4
1511 1 4
1512 1 4
1513 1 4
1514 1 4
1515 1 4
1516 1 4
1517 1 4
1518 1 4
1519 6 6
1520 1 4
1521 1 4
1522 1 4
1523 1 4
1524 1 4
1525 1 4
1526 1 4
1527 1 4
1528 1 4
1529 6 6
1530 1 4
1531 1 4
1532 1 4
1533 1 4
1534 1 4
1535 1 4
1536 1 4
1537 1 4
1538 1 4
1539 4 5
1540 1 4
1541 1 4
1542 1 4
1543 1 4
1544 1 4
1545 1 4
1546 1 4
1547 1 4
1548 1 4
1549 2 5
1550 2 4
1551 0 4
1552 2 4
1553 2 4
1554 3 5
1555 3 5
1556 3 5
1557 3 5
1558 3 6
1559 2 5
1560 2 4
1561 2 4
1562 2 4
1563 2 4
1564 3 5
1565 3 5
1566 3 5
1567 21 13
1568 3 6
1569 2 5
1570 2 4
1571 2 4
1572 2 4
1573 2 4
1574 7 7
1575 4 5
1576 5 6
1577 9 8
1578 3 6
1579 2 5
1580 2 4
1581 2 4
1582 2 4
1583 2 4
1584 4 5
1585 -1 412
1586 16 10
1587 -1 428
1588 4 6
1589 2 5
1590 2 4
1591 2 4
1592 2 4
1593 2 4
1594 3 5
1595 3 5
1596 3 5
1597 3 5
1598 3 6
1599 4 5
1600 1 4
1601 1 4
1602 1 4
1603 1 4
1604 1 4
1605 1 4
1606 1 4
1607 1 4
1608 1 4
1609 6 6
1610 1 4
1611 1 4
1612 1 4
1613 1 4
1614 1 4
1615 1 4
1616 1 4
1617 1 4
1618 1 4
1619 6 6
1620 1 4
1621 1 4
1622 1 4
1623 1 4
1624 1 4
1625 1 4
1626 1 4
1627 1 4
1628 1 4
1629 4 5
1630 1 4
1631 1 4
1632 1 4
1633 1 4
1634 1 4
1635 1 4
1636 1 4
1637 1 4
1638 1 4
1639 2 5
1640 2 4
1641 2 4
1642 2 4
1643 2 4
1644 3 5
1645 3 5
1646 3 5
1647 3 5
1648 3 6
1649 2 5
1650 2 4
1651 2 4
1652 2 4
1653 2 4
1654 3 5
1655 3 5
1656 3 5
1657 21 13
1658 3 6
1659 2 5
1660 2 4
1661 0 4
1662 2 4
1663 2 4
1664 7 7
1665 4 5
1666 5 6
1667 9 8
1668 3 6
1669 2 5
1670 2 4
1671 2 4
1672 2 4
1673 2 4
1674 4 5
1675 -1 412
1676 16 10
1677 -1 428
1678 4 6
1679 2 5
1680 2 4
1681 2 4
1682 2 4
1683 2 4
1684 3 5
1685 3 5
1686 3 5
1687 3 5
1688 3 6
1689 4 5
1690 3 4
1691 4 5
1692 4 5
1693 4 6
1694 2 5
1695 3 5
1696 3 5
1697 5 6
1698 3 6
1699 6 6
1700 1 4
1701 1 4
1702 1 4
1703 1 4
1704 1 4
1705 1 4
1706 1 4
1707 1 4
1708 1 4
1709 6 6
1710 1 4
1711 1 4
1712 1 4
1713 1 4
1714 1 4
1715 1 4
1716 1 4
1717 1 4
1718 1 4
1719 4 5
1720 1 4
1721 1 4
1722 1 4
1723 1 4
1724 1 4
1725 1 4
1726 1 4
1727 1 4
1728 1 4
1729 2 5
1730 2 4
1731 2 4
1732 2 4
1733 2 4
1734 3 5
1735 3 5
1736 3 5
1737 3 5
1738 3 6
1739 2 5
1740 2 4
1741 2 4
1742 2 4
1743 2 4
1744 3 5
1745 3 5
1746 3 5
1747 21 13
1748 3 6
1749 2 5
1750 2 4
1751 2 4
1752 2 4
1753 2 4
1754 7 7
1755 4 5
1756 5 6
1757 9 8
1758 3 6
1759 2 5
1760 2 4
1761 2 4
1762 2 4
1763 2 4
1764 4 5
1765 -1 412
1766 16 10
1767 -1 428
1768 4 6
1769 2 5
1770 2 4
1771 0 4
1772 2 4
1773 2 4
1774 3 5
1775 3 5
1776 3 5
1777 3 5
1778 3 6
1779 4 5
1780 3 4
1781 4 5
1782 4 5
1783 4 6
1784 2 5
1785 3 5
1786 3 5
1787 5 6
1788 3 6
1789 6 6
1790 3 4
1791 5 5
1792 17 10
1793 5 6
1794 3 5
1795 3 5
1796 5 6
1797 13 10
1798 18 11
1799 6 6
1800 1 4
1801 1 4
1802 1 4
1803 1 4
1804 1 4
1805 1 4
1806 1 4
1807 1 4
1808 1 4
1809 4 5
1810 1 4
1811 1 4
1812 1 4
1813 1 4
1814 1 4
1815 1 4
1816 1 4
1817 1 4
1818 1 4
1819 2 5
1820 2 4
1821 2 4
1822 2 4
1823 2 4
1824 3 5
1825 3 5
1826 3 5
1827 3 5
1828 3 6
1829 2 5
1830 2 4
1831 2 4
1832 2 4
1833 2 4
1834 3 5
1835 3 5
1836 3 5
1837 21 13
1838 3 6
1839 2 5
1840 2 4
1841 2 4
1842 2 4
1843 2 4
1844 7 7
1845 4 5
1846 5 6
1847 9 8
1848 3 6
1849 2 5
1850 2 4
1851 2 4
1852 2 4
1853 2 4
1854 4 5
1855 -1 412
1856 16 10
1857 -1 428
1858 4 6
1859 2 5
1860 2 4
1861 2 4
1862 2 4
1863 2 4
1864 3 5
1865 3 5
1866 3 5
1867 3 5
1868 3 6
1869 4 5
1870 3 4
1871 4 5
1872 4 5
1873 4 6
1874 2 5
1875 3 5
1876 3 5
1877 5 6
1878 3 6
1879 6 6
1880 3 4
1881 0 4
1882 17 10
1883 5 6
1884 3 5
1885 3 5
1886 5 6
1887 13 10
1888 18 11
1889 6 6
1890 5 5
1891 3 5
1892 4 5
1893 4 6
1894 13 8
1895 4 5
1896 6 6
1897 16 12
1898 7 7
1899 4 5
1900 1 4
1901 1 4
1902 1 4
1903 1 4
1904 1 4
1905 1 4
1906 1 4
1907 1 4
1908 1 4
1909 2 5
1910 2 4
1911 2 4
1912 2 4
1913 2 4
1914 3 5
1915 3 5
1916 3 5
1917 3 5
1918 3 6
1919 2 5
1920 2 4
1921 2 4
1922 2 4
1923 2 4
1924 3 5
1925 3 5
1926 3 5
1927 21 13
1928 3 6
1929 2 5
1930 2 4
1931 2 4
1932 2 4
1933 2 4
1934 7 7
1935 4 5
1936 5 6
1937 9 8
1938 3 6
1939 2 5
1940 2 4
1941 2 4
1942 2 4
1943 2 4
1944 4 5
1945 -1 412
1946 16 10
1947 -1 428
1948 4 6
1949 2 5
1950 2 4
1951 2 4
1952 2 4
1953 2 4
1954 3 5
1955 3 5
1956 3 5
1957 3 5
1958 3 6
1959 4 5
1960 3 4
1961 4 5
1962 4 5
1963 4 6
1964 2 5
1965 3 5
1966 3 5
1967 5 6
1968 3 6
1969 6 6
1970 3 4
1971 5 5
1972 17 10
1973 5 6
1974 3 5
1975 3 5
1976 5 6
1977 13 10
1978 18 11
1979 6 6
1980 5 5
1981 3 5
1982 4 5
1983 4 6
1984 13 8
1985 4 5
1986 6 6
1987 16 12
1988 7 7
1989 4 5
1990 5 5
1991 0 4
1992 7 6
1993 8 7
1994 7 6
1995 8 8
1996 5 6
1997 -1 438
1998 15 10
1999 7 6
2000 1 4
2001 1 4
2002 0 4
2003 1 4
2004 1 4
2005 1 4
2006 1 4
2007 1 4
2008 2 5
2009 1 5
2010 1 4
2011 1 4
2012 1 4
2013 1 4
2014 1 4
2015 1 4
2016 1 4
2017 1 4
2018 2 5
2019 2 5
2020 1 4
2021 1 4
2022 1 4
2023 1 4
2024 1 4
2025 1 4
2026 1 4
2027 1 4
2028 2 5
2029 2 5
2030 1 4
2031 1 4
2032 1 4
2033 1 4
2034 1 4
2035 1 4
2036 1 4
2037 1 4
2038 2 5
2039 2 5
2040 1 4
2041 1 4
2042 1 4
2043 1 4
2044 1 4
2045 1 4
2046 1 4
2047 1 4
2048 2 5
2049 2 5
2050 1 4
2051 1 4
2052 1 4
2053 1 4
2054 1 4
2055 1 4
2056 1 4
2057 1 4
2058 4 5
2059 6 7
2060 1 4
2061 1 4
2062 1 4
2063 1 4
2064 1 4
2065 1 4
2066 1 4
2067 1 4
2068 6 6
2069 12 8
2070 1 4
2071 1 4
2072 1 4
2073 1 4
2074 1 4
2075 1 4
2076 1 4
2077 1 4
2078 6 6
2079 3 5
2080 1 4
2081 1 4
2082 1 4
2083 1 4
2084 1 4
2085 1 4
2086 1 4
2087 1 4
2088 4 5
2089 6 6
2090 1 4
2091 1 4
2092 1 4
2093 1 4
2094 1 4
2095 1 4
2096 1 4
2097 1 4
2098 2 5
2099 2 5
2100 1 4
2101 1 4
2102 1 4
2103 1 4
2104 1 4
2105 1 4
2106 1 4
2107 1 4
2108 2 5
2109 2 5
2110 1 4
2111 1 4
2112 0 4
2113 1 4
2114 1 4
2115 1 4
2116 1 4
2117 1 4
2118 2 5
2119 2 5
2120 1 4
2121 1 4
2122 1 4
2123 1 4
2124 1 4
2125 1 4
2126 1 4
2127 1 4
2128 2 5
2129 2 5
2130 1 4
2131 1 4
2132 1 4
2133 1 4
2134 1 4
2135 1 4
2136 1 4
2137 1 4
2138 2 5
2139 2 5
2140 1 4
2141 1 4
2142 1 4
2143 1 4
2144 1 4
2145 1 4
2146 1 4
2147 1 4
2148 4 5
2149 6 7
2150 1 4
2151 1 4
2152 1 4
2153 1 4
2154 1 4
2155 1 4
2156 1 4
2157 1 4
2158 6 6
2159 12 8
2160 1 4
2161 1 4
2162 1 4
2163 1 4
2164 1 4
2165 1 4
2166 1 4
2167 1 4
2168 6 6
2169 3 5
2170 1 4
2171 1 4
2172 1 4
2173 1 4
2174 1 4
2175 1 4
2176 1 4
2177 1 4
2178 4 5
2179 6 6
2180 1 4
2181 1 4
2182 1 4
2183 1 4
2184 1 4
2185 1 4
2186 1 4
2187 1 4
2188 2 5
2189 2 5
2190 2 4
2191 2 4
2192 2 4
2193 3 5
2194 3 5
2195 3 5
2196 3 5
2197 3 6
2198 2 5
2199 2 5
2200 1 4
2201 1 4
2202 1 4
2203 1 4
2204 1 4
2205 1 4
2206 1 4
2207 1 4
2208 2 5
2209 2 5
2210 1 4
2211 1 4
2212 1 4
2213 1 4
2214 1 4
2215 1 4
2216 1 4
2217 1 4
2218 2 5
2219 2 5
2220 1 4
2221 1 4
2222 0 4
2223 1 4
2224 1 4
2225 1 4
2226 1 4
2227 1 4
2228 2 5
2229 2 5
2230 1 4
2231 1 4
2232 1 4
2233 1 4
2234 1 4
2235 1 4
2236 1 4
2237 1 4
2238 4 5
2239 6 7
2240 1 4
2241 1 4
2242 1 4
2243 1 4
2244 1 4
2245 1 4
2246 1 4
2247 1 4
2248 6 6
2249 12 8
2250 1 4
2251 1 4
2252 1 4
2253 1 4
2254 1 4
2255 1 4
2256 1 4
2257 1 4
2258 6 6
2259 3 5
2260 1 4
2261 1 4
2262 1 4
2263 1 4
2264 1 4
2265 1 4
2266 1 4
2267 1 4
2268 4 5
2269 6 6
2270 1 4
2271 1 4
2272 1 4
2273 1 4
2274 1 4
2275 1 4
2276 1 4
2277 1 4
2278 2 5
2279 2 5
2280 2 4
2281 2 4
2282 2 4
2283 3 5
2284 3 5
2285 3 5
2286 3 5
2287 3 6
2288 2 5
2289 2 5
2290 2 4
2291 2 4
2292 2 4
2293 3 5
2294 3 5
2295 3 5
2296 21 13
2297 3 6
2298 2 5
2299 1 5
2300 1 4
2301 1 4
2302 1 4
2303 1 4
2304 1 4
2305 1 4
2306 1 4
2307 1 4
2308 2 5
2309 2 5
2310 1 4
2311 1 4
2312 1 4
2313 1 4
2314 1 4
2315 1 4
2316 1 4
2317 1 4
2318 2 5
2319 2 5
2320 1 4
2321 1 4
2322 1 4
2323 1 4
2324 1 4
2325 1 4
2326 1 4
2327 1 4
2328 4 5
2329 6 7
2330 1 4
2331 1 4
2332 0 4
2333 1 4
2334 1 4
2335 1 4
2336 1 4
2337 1 4
2338 6 6
2339 12 8
2340 1 4
2341 1 4
2342 1 4
2343 1 4
2344 1 4
2345 1 4
2346 1 4
2347 1 4
2348 6 6
2349 3 5
2350 1 4
2351 1 4
2352 1 4
2353 1 4
2354 1 4
2355 1 4
2356 1 4
2357 1 4
2358 4 5
2359 6 6
2360 1 4
2361 1 4
2362 1 4
2363 1 4
2364 1 4
2365 1 4
2366 1 4
2367 1 4
2368 2 5
2369 2 5
2370 2 4
2371 2 4
2372 2 4
2373 3 5
2374 3 5
2375 3 5
2376 3 5
2377 3 6
2378 2 5
2379 2 5
2380 2 4
2381 2 4
2382 2 4
2383 3 5
2384 3 5
2385 3 5
2386 21 13
2387 3 6
2388 2 5
2389 1 5
2390 2 4
2391 2 4
2392 2 4
2393 7 7
2394 4 5
2395 5 6
2396 9 8
2397 3 6
2398 2 5
2399 2 5
2400 1 4
2401 1 4
2402 1 4
2403 1 4
2404 1 4
2405 1 4
2406 1 4
2407 1 4
2408 2 5
2409 2 5
2410 1 4
2411 1 4
2412 1 4
2413 1 4
2414 1 4
2415 1 4
2416 1 4
2417 1 4
2418 4 5
2419 6 7
2420 1 4
2421 1 4
2422 1 4
2423 1 4
2424 1 4
2425 1 4
2426 1 4
2427 1 4
2428 6 6
2429 12 8
2430 1 4
2431 1 4
2432 1 4
2433 1 4
2434 1 4
2435 1 4
2436 1 4
2437 1 4
2438 6 6
2439 3 5
2440 1 4
2441 1 4
2442 0 4
2443 1 4
2444 1 4
2445 1 4
2446 1 4
2447 1 4
2448 4 5
2449 6 6
2450 1 4
2451 1 4
2452 1 4
2453 1 4
2454 1 4
2455 1 4
2456 1 4
2457 1 4
2458 2 5
2459 2 5
2460 2 4
2461 2 4
2462 2 4
2463 3 5
2464 3 5
2465 3 5
2466 3 5
2467 3 6
2468 2 5
2469 2 5
2470 2 4
2471 2 4
2472 2 4
2473 3 5
2474 3 5
2475 3 5
2476 21 13
2477 3 6
2478 2 5
2479 1 5
2480 2 4
2481 2 4
2482 2 4
2483 7 7
2484 4 5
2485 5 6
2486 9 8
2487 3 6
2488 2 5
2489 2 5
2490 2 4
2491 2 4
2492 2 4
2493 4 5
2494 -1 412
2495 16 10
2496 -1 428
2497 4 6
2498 2 5
2499 2 5
2500 1 4
2501 1 4
2502 1 4
2503 1 4
2504 1 4
2505 1 4
2506 1 4
2507 1 4
2508 4 5
2509 6 7
2510 1 4
2511 1 4
2512 1 4
2513 1 4
2514 1 4
2515 1 4
2516 1 4
2517 1 4
2518 6 6
2519 12 8
2520 1 4
2521 1 4
2522 1 4
2523 1 4
2524 1 4
2525 1 4
2526 1 4
2527 1 4
2528 6 6
2529 3 5
2530 1 4
2531 1 4
2532 1 4
2533 1 4
2534 1 4
2535 1 4
2536 1 4
2537 1 4
2538 4 5
2539 6 6
2540 1 4
2541 1 4
2542 1 4
2543 1 4
2544 1 4
2545 1 4
2546 1 4
2547 1 4
2548 2 5
2549 2 5
2550 2 4
2551 2 4
2552 0 4
2553 3 5
2554 3 5
2555 3 5
2556 3 5
2557 3 6
2558 2 5
2559 2 5
2560 2 4
2561 2 4
2562 2 4
2563 3 5
2564 3 5
2565 3 5
2566 21 13
2567 3 6
2568 2 5
2569 1 5
2570 2 4
2571 2 4
2572 2 4
2573 7 7
2574 4 5
2575 5 6
2576 9 8
2577 3 6
2578 2 5
2579 2 5
2580 2 4
2581 2 4
2582 2 4
2583 4 5
2584 -1 412
2585 16 10
2586 -1 428
2587 4 6
2588 2 5
2589 2 5
2590 2 4
2591 2 4
2592 2 4
2593 3 5
2594 3 5
2595 3 5
2596 3 5
2597 3 6
2598 4 5
2599 6 7
2600 1 4
2601 1 4
2602 1 4
2603 1 4
2604 1 4
2605 1 4
2606 1 4
2607 1 4
2608 6 6
2609 12 8
2610 1 4
2611 1 4
2612 1 4
2613 1 4
2614 1 4
2615 1 4
2616 1 4
2617 1 4
2618 6 6
2619 3 5
2620 1 4
2621 1 4
2622 1 4
2623 1 4
2624 1 4
2625 1 4
2626 1 4
2627 1 4
2628 4 5
2629 6 6
2630 1 4
2631 1 4
2632 1 4
2633 1 4
2634 1 4
2635 1 4
2636 1 4
2637 1 4
2638 2 5
2639 2 5
2640 2 4
2641 2 4
2642 2 4
2643 3 5
2644 3 5
2645 3 5
2646 3 5
2647 3 6
2648 2 5
2649 2 5
2650 2 4
2651 2 4
2652 2 4
2653 3 5
2654 3 5
2655 3 5
2656 21 13
2657 3 6
2658 2 5
2659 1 5
2660 2 4
2661 2 4
2662 0 4
2663 7 7
2664 4 5
2665 5 6
2666 9 8
2667 3 6
2668 2 5
2669 2 5
2670 2 4
2671 2 4
2672 2 4
2673 4 5
2674 -1 412
2675 16 10
2676 -1 428
2677 4 6
2678 2 5
2679 2 5
2680 2 4
2681 2 4
2682 2 4
2683 3 5
2684 3 5
2685 3 5
2686 3 5
2687 3 6
2688 4 5
2689 6 7
2690 4 5
2691 4 5
2692 4 6
2693 2 5
2694 3 5
2695 3 5
2696 5 6
2697 3 6
2698 6 6
2699 12 8
2700 1 4
2701 1 4
2702 1 4
2703 1 4
2704 1 4
2705 1 4
2706 1 4
2707 1 4
2708 6 6
2709 3 5
2710 1 4
2711 1 4
2712 1 4
2713 1 4
2714 1 4
2715 1 4
2716 1 4
2717 1 4
2718 4 5
2719 6 6
2720 1 4
2721 1 4
2722 1 4
2723 1 4
2724 1 4
2725 1 4
2726 1 4
2727 1 4
2728 2 5
2729 2 5
2730 2 4
2731 2 4
2732 2 4
2733 3 5
2734 3 5
2735 3 5
2736 3 5
2737 3 6
2738 2 5
2739 2 5
2740 2 4
2741 2 4
2742 2 4
2743 3 5
2744 3 5
2745 3 5
2746 21 13
2747 3 6
2748 2 5
2749 1 5
2750 2 4
2751 2 4
2752 2 4
2753 7 7
2754 4 5
2755 5 6
2756 9 8
2757 3 6
2758 2 5
2759 2 5
2760 2 4
2761 2 4
2762 2 4
2763 4 5
2764 -1 412
2765 16 10
2766 -1 428
2767 4 6
2768 2 5
2769 2 5
2770 2 4
2771 2 4
2772 0 4
2773 3 5
2774 3 5
2775 3 5
2776 3 5
2777 3 6
2778 4 5
2779 6 7
2780 4 5
2781 4 5
2782 4 6
2783 2 5
2784 3 5
2785 3 5
2786 5 6
2787 3 6
2788 6 6
2789 12 8
2790 5 5
2791 17 10
2792 5 6
2793 3 5
2794 3 5
2795 5 6
2796 13 10
2797 18 11
2798 6 6
2799 3 5
2800 1 4
2801 1 4
2802 1 4
2803 1 4
2804 1 4
2805 1 4
2806 1 4
2807 1 4
2808 4 5
2809 6 6
2810 1 4
2811 1 4
2812 1 4
2813 1 4
2814 1 4
2815 1 4
2816 1 4
2817 1 4
2818 2 5
2819 2 5
2820 2 4
2821 2 4
2822 2 4
2823 3 5
2824 3 5
2825 3 5
2826 3 5
2827 3 6
2828 2 5
2829 2 5
2830 2 4
2831 2 4
2832 2 4
2833 3 5
2834 3 5
2835 3 5
2836 21 13
2837 3 6
2838 2 5
2839 1 5
2840 2 4
2841 2 4
2842 2 4
2843 7 7
2844 4 5
2845 5 6
2846 9 8
2847 3 6
2848 2 5
2849 2 5
2850 2 4
2851 2 4
2852 2 4
2853 4 5
2854 -1 412
2855 16 10
2856 -1 428
2857 4 6
2858 2 5
2859 2 5
2860 2 4
2861 2 4
2862 2 4
2863 3 5
2864 3 5
2865 3 5
2866 3 5
2867 3 6
2868 4 5
2869 6 7
2870 4 5
2871 4 5
2872 4 6
2873 2 5
2874 3 5
2875 3 5
2876 5 6
2877 3 6
2878 6 6
2879 12 8
2880 5 5
2881 17 10
2882 0 4
2883 3 5
2884 3 5
2885 5 6
2886 13 10
2887 18 11
2888 6 6
2889 3 5
2890 3 5
2891 4 5
2892 4 6
2893 13 8
2894 4 5
2895 6 6
2896 16 12
2897 7 7
2898 4 5
2899 6 6
2900 1 4
2901 1 4
2902 1 4
2903 1 4
2904 1 4
2905 1 4
2906 1 4
2907 1 4
2908 2 5
2909 2 5
2910 2 4
2911 2 4
2912 2 4
2913 3 5
2914 3 5
2915 3 5
2916 3 5
2917 3 6
2918 2 5
2919 2 5
2920 2 4
2921 2 4
2922 2 4
2923 3 5
2924 3 5
2925 3 5
2926 21 13
2927 3 6
2928 2 5
2929 1 5
2930 2 4
2931 2 4
2932 2 4
2933 7 7
2934 4 5
2935 5 6
2936 9 8
2937 3 6
2938 2 5
2939 2 5
2940 2 4
2941 2 4
2942 2 4
2943 4 5
2944 -1 412
2945 16 10
2946 -1 428
2947 4 6
2948 2 5
2949 2 5
2950 2 4
2951 2 4
2952 2 4
2953 3 5
2954 3 5
2955 3 5
2956 3 5
2957 3 6
2958 4 5
2959 6 7
2960 4 5
2961 4 5
2962 4 6
2963 2 5
2964 3 5
2965 3 5
2966 5 6
2967 3 6
2968 6 6
2969 12 8
2970 5 5
2971 17 10
2972 5 6
2973 3 5
2974 3 5
2975 5 6
2976 13 10
2977 18 11
2978 6 6
2979 3 5
2980 3 5
2981 4 5
2982 4 6
2983 13 8
2984 4 5
2985 6 6
2986 16 12
2987 7 7
2988 4 5
2989 6 6
2990 14 8
2991 7 6
2992 0 4
2993 7 6
2994 8 8
2995 5 6
2996 -1 438
2997 15 10
2998 7 6
2999 9 7
3000 1 4
3001 1 4
3002 1 4
3003 0 4
3004 1 4
3005 1 4
3006 1 4
3007 2 5
3008 1 5
3009 2 5
3010 1 4
3011 1 4
3012 1 4
3013 1 4
3014 1 4
3015 1 4
3016 1 4
3017 2 5
3018 2 5
3019 2 5
3020 1 4
3021 1 4
3022 1 4
3023 1 4
3024 1 4
3025 1 4
3026 1 4
3027 2 5
3028 2 5
3029 2 5
3030 1 4
3031 1 4
3032 1 4
3033 1 4
3034 1 4
3035 1 4
3036 1 4
3037 2 5
3038 2 5
3039 2 5
3040 1 4
3041 1 4
3042 1 4
3043 1 4
3044 1 4
3045 1 4
3046 1 4
3047 2 5
3048 2 5
3049 2 5
3050 1 4
3051 1 4
3052 1 4
3053 1 4
3054 1 4
3055 1 4
3056 1 4
3057 4 5
3058 6 7
3059 5 6
3060 1 4
3061 1 4
3062 1 4
3063 1 4
3064 1 4
3065 1 4
3066 1 4
3067 6 6
3068 12 8
3069 3 5
3070 1 4
3071 1 4
3072 1 4
3073 1 4
3074 1 4
3075 1 4
3076 1 4
3077 6 6
3078 3 5
3079 5 6
3080 1 4
3081 1 4
3082 1 4
3083 1 4
3084 1 4
3085 1 4
3086 1 4
3087 4 5
3088 6 6
3089 7 7
3090 1 4
3091 1 4
3092 1 4
3093 1 4
3094 1 4
3095 1 4
3096 1 4
3097 2 5
3098 2 5
3099 2 5
3100 1 4
3101 1 4
3102 1 4
3103 1 4
3104 1 4
3105 1 4
3106 1 4
3107 2 5
3108 2 5
3109 2 5
3110 1 4
3111 1 4
3112 1 4
3113 0 4
3114 1 4
3115 1 4
3116 1 4
3117 2 5
3118 2 5
3119 2 5
3120 1 4
3121 1 4
3122 1 4
3123 1 4
3124 1 4
3125 1 4
3126 1 4
3127 2 5
3128 2 5
3129 2 5
3130 1 4
3131 1 4
3132 1 4
3133 1 4
3134 1 4
3135 1 4
3136 1 4
3137 2 5
3138 2 5
3139 2 5
3140 1 4
3141 1 4
3142 1 4
3143 1 4
3144 1 4
3145 1 4
3146 1 4
3147 4 5
3148 6 7
3149 5 6
3150 1 4
3151 1 4
3152 1 4
3153 1 4
3154 1 4
3155 1 4
3156 1 4
3157 6 6
3158 12 8
3159 3 5
3160 1 4
3161 1 4
3162 1 4
3163 1 4
3164 1 4
3165 1 4
3166 1 4
3167 6 6
3168 3 5
3169 5 6
3170 1 4
3171 1 4
3172 1 4
3173 1 4
3174 1 4
3175 1 4
3176 1 4
3177 4 5
3178 6 6
3179 7 7
3180 1 4
3181 1 4
3182 1 4
3183 1 4
3184 1 4
3185 1 4
3186 1 4
3187 2 5
3188 2 5
3189 2 5
3190 2 4
3191 2 4
3192 3 5
3193 3 5
3194 3 5
3195 3 5
3196 3 6
3197 2 5
3198 2 5
3199 2 5
3200 1 4
3201 1 4
3202 1 4
3203 1 4
3204 1 4
3205 1 4
3206 1 4
3207 2 5
3208 2 5
3209 2 5
3210 1 4
3211 1 4
3212 1 4
3213 1 4
3214 1 4
3215 1 4
3216 1 4
3217 2 5
3218 2 5
3219 2 5
3220 1 4
3221 1 4
3222 1 4
3223 0 4
3224 1 4
3225 1 4
3226 1 4
3227 2 5
3228 2 5
3229 2 5
3230 1 4
3231 1 4
3232 1 4
3233 1 4
3234 1 4
3235 1 4
3236 1 4
3237 4 5
3238 6 7
3239 5 6
3240 1 4
3241 1 4
3242 1 4
3243 1 4
3244 1 4
3245 1 4
3246 1 4
3247 6 6
3248 12 8
3249 3 5
3250 1 4
3251 1 4
3252 1 4
3253 1 4
3254 1 4
3255 1 4
3256 1 4
3257 6 6
3258 3 5
3259 5 6
3260 1 4
3261 1 4
3262 1 4
3263 1 4
3264 1 4
3265 1 4
3266 1 4
3267 4 5
3268 6 6
3269 7 7
3270 1 4
3271 1 4
3272 1 4
3273 1 4
3274 1 4
3275 1 4
3276 1 4
3277 2 5
3278 2 5
3279 2 5
3280 2 4
3281 2 4
3282 3 5
3283 3 5
3284 3 5
3285 3 5
3286 3 6
3287 2 5
3288 2 5
3289 2 5
3290 2 4
3291 2 4
3292 3 5
3293 3 5
3294 3 5
3295 21 13
3296 3 6
3297 2 5
3298 1 5
3299 2 5
3300 1 4
3301 1 4
3302 1 4
3303 1 4
3304 1 4
3305 1 4
3306 1 4
3307 2 5
3308 2 5
3309 2 5
3310 1 4
3311 1 4
3312 1 4
3313 1 4
3314 1 4
3315 1 4
3316 1 4
3317 2 5
3318 2 5
3319 2 5
3320 1 4
3321 1 4
3322 1 4
3323 1 4
3324 1 4
3325 1 4
3326 1 4
3327 4 5
3328 6 7
3329 5 6
3330 1 4
3331 1 4
3332 1 4
3333 0 4
3334 1 4
3335 1 4
3336 1 4
3337 6 6
3338 12 8
3339 3 5
3340 1 4
3341 1 4
3342 1 4
3343 1 4
3344 1 4
3345 1 4
3346 1 4
3347 6 6
3348 3 5
3349 5 6
3350 1 4
3351 1 4
3352 1 4
3353 1 4
3354 1 4
3355 1 4
3356 1 4
3357 4 5
3358 6 6
3359 7 7
3360 1 4
3361 1 4
3362 1 4
3363 1 4
3364 1 4
3365 1 4
3366 1 4
3367 2 5
3368 2 5
3369 2 5
3370 2 4
3371 2 4
3372 3 5
3373 3 5
3374 3 5
3375 3 5
3376 3 6
3377 2 5
3378 2 5
3379 2 5
3380 2 4
3381 2 4
3382 3 5
3383 3 5
3384 3 5
3385 21 13
3386 3 6
3387 2 5
3388 1 5
3389 2 5
3390 2 4
3391 2 4
3392 7 7
3393 4 5
3394 5 6
3395 9 8
3396 3 6
3397 2 5
3398 2 5
3399 2 5
3400 1 4
3401 1 4
3402 1 4
3403 1 4
3404 1 4
3405 1 4
3406 1 4
3407 2 5
3408 2 5
3409 2 5
3410 1 4
3411 1 4
3412 1 4
3413 1 4
3414 1 4
3415 1 4
3416 1 4
3417 4 5
3418 6 7
3419 5 6
3420 1 4
3421 1 4
3422 1 4
3423 1 4
3424 1 4
3425 1 4
3426 1 4
3427 6 6
3428 12 8
3429 3 5
3430 1 4
3431 1 4
3432 1 4
3433 1 4
3434 1 4
3435 1 4
3436 1 4
3437 6 6
3438 3 5
3439 5 6
3440 1 4
3441 1 4
3442 1 4
3443 0 4
3444 1 4
3445 1 4
3446 1 4
3447 4 5
3448 6 6
3449 7 7
3450 1 4
3451 1 4
3452 1 4
3453 1 4
3454 1 4
3455 1 4
3456 1 4
3457 2 5
3458 2 5
3459 2 5
3460 2 4
3461 2 4
3462 3 5
3463 3 5
3464 3 5
3465 3 5
3466 3 6
3467 2 5
3468 2 5
3469 2 5
3470 2 4
3471 2 4
3472 3 5
3473 3 5
3474 3 5
3475 21 13
3476 3 6
3477 2 5
3478 1 5
3479 2 5
3480 2 4
3481 2 4
3482 7 7
3483 4 5
3484 5 6
3485 9 8
3486 3 6
3487 2 5
3488 2 5
3489 2 5
3490 2 4
3491 2 4
3492 4 5
3493 -1 412
3494 16 10
3495 -1 428
3496 4 6
3497 2 5
3498 2 5
3499 2 5
3500 1 4
3501 1 4
3502 1 4
3503 1 4
3504 1 4
3505 1 4
3506 1 4
3507 4 5
3508 6 7
3509 5 6
3510 1 4
3511 1 4
3512 1 4
3513 1 4
3514 1 4
3515 1 4
3516 1 4
3517 6 6
3518 12 8
3519 3 5
3520 1 4
3521 1 4
3522 1 4
3523 1 4
3524 1 4
3525 1 4
3526 1 4
3527 6 6
3528 3 5
3529 5 6
3530 1 4
3531 1 4
3532 1 4
3533 1 4
3534 1 4
3535 1 4
3536 1 4
3537 4 5
3538 6 6
3539 7 7
3540 1 4
3541 1 4
3542 1 4
3543 1 4
3544 1 4
3545 1 4
3546 1 4
3547 2 5
3548 2 5
3549 2 5
3550 2 4
3551 2 4
3552 3 5
3553 0 4
3554 3 5
3555 3 5
3556 3 6
3557 2 5
3558 2 5
3559 2 5
3560 2 4
3561 2 4
3562 3 5
3563 3 5
3564 3 5
3565 21 13
3566 3 6
3567 2 5
3568 1 5
3569 2 5
3570 2 4
3571 2 4
3572 7 7
3573 4 5
3574 5 6
3575 9 8
3576 3 6
3577 2 5
3578 2 5
3579 2 5
3580 2 4
3581 2 4
3582 4 5
3583 -1 412
3584 16 10
3585 -1 428
3586 4 6
3587 2 5
3588 2 5
3589 2 5
3590 2 4
3591 2 4
3592 3 5
3593 3 5
3594 3 5
3595 3 5
3596 3 6
3597 4 5
3598 6 7
3599 5 6
3600 1 4
3601 1 4
3602 1 4
3603 1 4
3604 1 4
3605 1 4
3606 1 4
3607 6 6
3608 12 8
3609 3 5
3610 1 4
3611 1 4
3612 1 4
3613 1 4
3614 1 4
3615 1 4
3616 1 4
3617 6 6
3618 3 5
3619 5 6
3620 1 4
3621 1 4
3622 1 4
3623 1 4
3624 1 4
3625 1 4
3626 1 4
3627 4 5
3628 6 6
3629 7 7
3630 1 4
3631 1 4
3632 1 4
3633 1 4
3634 1 4
3635 1 4
3636 1 4
3637 2 5
3638 2 5
3639 2 5
3640 2 4
3641 2 4
3642 3 5
3643 3 5
3644 3 5
3645 3 5
3646 3 6
3647 2 5
3648 2 5
3649 2 5
3650 2 4
3651 2 4
3652 3 5
3653 3 5
3654 3 5
3655 21 13
3656 3 6
3657 2 5
3658 1 5
3659 2 5
3660 2 4
3661 2 4
3662 7 7
3663 0 4
3664 5 6
3665 9 8
3666 3 6
3667 2 5
3668 2 5
3669 2 5
3670 2 4
3671 2 4
3672 4 5
3673 -1 412
3674 16 10
3675 -1 428
3676 4 6
3677 2 5
3678 2 5
3679 2 5
3680 2 4
3681 2 4
3682 3 5
3683 3 5
3684 3 5
3685 3 5
3686 3 6
3687 4 5
3688 6 7
3689 5 6
3690 4 5
3691 4 6
3692 2 5
3693 3 5
3694 3 5
3695 5 6
3696 3 6
3697 6 6
3698 12 8
3699 3 5
3700 1 4
3701 1 4
3702 1 4
3703 1 4
3704 1 4
3705 1 4
3706 1 4
3707 6 6
3708 3 5
3709 5 6
3710 1 4
3711 1 4
3712 1 4
3713 1 4
3714 1 4
3715 1 4
3716 1 4
3717 4 5
3718 6 6
3719 7 7
3720 1 4
3721 1 4
3722 1 4
3723 1 4
3724 1 4
3725 1 4
3726 1 4
3727 2 5
3728 2 5
3729 2 5
3730 2 4
3731 2 4
3732 3 5
3733 3 5
3734 3 5
3735 3 5
3736 3 6
3737 2 5
3738 2 5
3739 2 5
3740 2 4
3741 2 4
3742 3 5
3743 3 5
3744 3 5
3745 21 13
3746 3 6
3747 2 5
3748 1 5
3749 2 5
3750 2 4
3751 2 4
3752 7 7
3753 4 5
3754 5 6
3755 9 8
3756 3 6
3757 2 5
3758 2 5
3759 2 5
3760 2 4
3761 2 4
3762 4 5
3763 -1 412
3764 16 10
3765 -1 428
3766 4 6
3767 2 5
3768 2 5
3769 2 5
3770 2 4
3771 2 4
3772 3 5
3773 0 4
3774 3 5
3775 3 5
3776 3 6
3777 4 5
3778 6 7
3779 5 6
3780 4 5
3781 4 6
3782 2 5
3783 3 5
3784 3 5
3785 5 6
3786 3 6
3787 6 6
3788 12 8
3789 3 5
3790 17 10
3791 5 6
3792 3 5
3793 3 5
3794 5 6
3795 13 10
3796 18 11
3797 6 6
3798 3 5
3799 5 6
3800 1 4
3801 1 4
3802 1 4
3803 1 4
3804 1 4
3805 1 4
3806 1 4
3807 4 5
3808 6 6
3809 7 7
3810 1 4
3811 1 4
3812 1 4
3813 1 4
3814 1 4
3815 1 4
3816 1 4
3817 2 5
3818 2 5
3819 2 5
3820 2 4
3821 2 4
3822 3 5
3823 3 5
3824 3 5
3825 3 5
3826 3 6
3827 2 5
3828 2 5
3829 2 5
3830 2 4
3831 2 4
3832 3 5
3833 3 5
3834 3 5
3835 21 13
3836 3 6
3837 2 5
3838 1 5
3839 2 5
3840 2 4
3841 2 4
3842 7 7
3843 4 5
3844 5 6
3845 9 8
3846 3 6
3847 2 5
3848 2 5
3849 2 5
3850 2 4
3851 2 4
3852 4 5
3853 -1 412
3854 16 10
3855 -1 428
3856 4 6
3857 2 5
3858 2 5
3859 2 5
3860 2 4
3861 2 4
3862 3 5
3863 3 5
3864 3 5
3865 3 5
3866 3 6
3867 4 5
3868 6 7
3869 5 6
3870 4 5
3871 4 6
3872 2 5
3873 3 5
3874 3 5
3875 5 6
3876 3 6
3877 6 6
3878 12 8
3879 3 5
3880 17 10
3881 5 6
3882 3 5
3883 0 4
3884 5 6
3885 13 10
3886 18 11
3887 6 6
3888 3 5
3889 5 6
3890 4 5
3891 4 6
3892 13 8
3893 4 5
3894 6 6
3895 16 12
3896 7 7
3897 4 5
3898 6 6
3899 7 7
3900 1 4
3901 1 4
3902 1 4
3903 1 4
3904 1 4
3905 1 4
3906 1 4
3907 2 5
3908 2 5
3909 2 5
3910 2 4
3911 2 4
3912 3 5
3913 3 5
3914 3 5
3915 3 5
3916 3 6
3917 2 5
3918 2 5
3919 2 5
3920 2 4
3921 2 4
3922 3 5
3923 3 5
3924 3 5
3925 21 13
3926 3 6
3927 2 5
3928 1 5
3929 2 5
3930 2 4
3931 2 4
3932 7 7
3933 4 5
3934 5 6
3935 9 8
3936 3 6
3937 2 5
3938 2 5
3939 2 5
3940 2 4
3941 2 4
3942 4 5
3943 -1 412
3944 16 10
3945 -1 428
3946 4 6
3947 2 5
3948 2 5
3949 2 5
3950 2 4
3951 2 4
3952 3 5
3953 3 5
3954 3 5
3955 3 5
3956 3 6
3957 4 5
3958 6 7
3959 5 6
3960 4 5
3961 4 6
3962 2 5
3963 3 5
3964 3 5
3965 5 6
3966 3 6
3967 6 6
3968 12 8
3969 3 5
3970 17 10
3971 5 6
3972 3 5
3973 3 5
3974 5 6
3975 13 10
3976 18 11
3977 6 6
3978 3 5
3979 5 6
3980 4 5
3981 4 6
3982 13 8
3983 4 5
3984 6 6
3985 16 12
3986 7 7
3987 4 5
3988 6 6
3989 7 7
3990 7 6
3991 8 7
3992 7 6
3993 0 4
3994 5 6
3995 -1 438
3996 15 10
3997 7 6
3998 9 7
3999 5 6
4000 1 4
4001 1 4
4002 1 4
4003 1 4
4004 0 4
4005 1 4
4006 2 5
4007 1 5
4008 2 5
4009 2 5
4010 1 4
4011 1 4
4012 1 4
4013 1 4
4014 1 4
4015 1 4
4016 2 5
4017 2 5
4018 2 5
4019 2 5
4020 1 4
4021 1 4
4022 1 4
4023 1 4
4024 1 4
4025 1 4
4026 2 5
4027 2 5
4028 2 5
4029 2 5
4030 1 4
4031 1 4
4032 1 4
4033 1 4
4034 1 4
4035 1 4
4036 2 5
4037 2 5
4038 2 5
4039 2 5
4040 1 4
4041 1 4
4042 1 4
4043 1 4
4044 1 4
4045 1 4
4046 2 5
4047 2 5
4048 2 5
4049 2 5
4050 1 4
4051 1 4
4052 1 4
4053 1 4
4054 1 4
4055 1 4
4056 4 5
4057 6 7
4058 5 6
4059 3 5
4060 1 4
4061 1 4
4062 1 4
4063 1 4
4064 1 4
4065 1 4
4066 6 6
4067 12 8
4068 3 5
4069 3 5
4070 1 4
4071 1 4
4072 1 4
4073 1 4
4074 1 4
4075 1 4
4076 6 6
4077 3 5
4078 5 6
4079 -1 412
4080 1 4
4081 1 4
4082 1 4
4083 1 4
4084 1 4
4085 1 4
4086 4 5
4087 6 6
4088 7 7
4089 7 8
4090 1 4
4091 1 4
4092 1 4
4093 1 4
4094 1 4
4095 1 4
4096 2 5
4097 2 5
4098 2 5
4099 2 5
4100 1 4
4101 1 4
4102 1 4
4103 1 4
4104 1 4
4105 1 4
4106 2 5
4107 2 5
4108 2 5
4109 2 5
4110 1 4
4111 1 4
4112 1 4
4113 1 4
4114 0 4
4115 1 4
4116 2 5
4117 2 5
4118 2 5
4119 2 5
4120 1 4
4121 1 4
4122 1 4
4123 1 4
4124 1 4
4125 1 4
4126 2 5
4127 2 5
4128 2 5
4129 2 5
4130 1 4
4131 1 4
4132 1 4
4133 1 4
4134 1 4
4135 1 4
4136 2 5
4137 2 5
4138 2 5
4139 2 5
4140 1 4
4141 1 4
4142 1 4
4143 1 4
4144 1 4
4145 1 4
4146 4 5
4147 6 7
4148 5 6
4149 3 5
4150 1 4
4151 1 4
4152 1 4
4153 1 4
4154 1 4
4155 1 4
4156 6 6
4157 12 8
4158 3 5
4159 3 5
4160 1 4
4161 1 4
4162 1 4
4163 1 4
4164 1 4
4165 1 4
4166 6 6
4167 3 5
4168 5 6
4169 -1 412
4170 1 4
4171 1 4
4172 1 4
4173 1 4
4174 1 4
4175 1 4
4176 4 5
4177 6 6
4178 7 7
4179 7 8
4180 1 4
4181 1 4
4182 1 4
4183 1 4
4184 1 4
4185 1 4
4186 2 5
4187 2 5
4188 2 5
4189 2 5
4190 2 4
4191 3 5
4192 3 5
4193 3 5
4194 3 5
4195 3 6
4196 2 5
4197 2 5
4198 2 5
4199 2 5
4200 1 4
4201 1 4
4202 1 4
4203 1 4
4204 1 4
4205 1 4
4206 2 5
4207 2 5
4208 2 5
4209 2 5
4210 1 4
4211 1 4
4212 1 4
4213 1 4
4214 1 4
4215 1 4
4216 2 5
4217 2 5
4218 2 5
4219 2 5
4220 1 4
4221 1 4
4222 1 4
4223 1 4
4224 0 4
4225 1 4
4226 2 5
4227 2 5
4228 2 5
4229 2 5
4230 1 4
4231 1 4
4232 1 4
4233 1 4
4234 1 4
4235 1 4
4236 4 5
4237 6 7
4238 5 6
4239 3 5
4240 1 4
4241 1 4
4242 1 4
4243 1 4
4244 1 4
4245 1 4
4246 6 6
4247 12 8
4248 3 5
4249 3 5
4250 1 4
4251 1 4
4252 1 4
4253 1 4
4254 1 4
4255 1 4
4256 6 6
4257 3 5
4258 5 6
4259 -1 412
4260 1 4
4261 1 4
4262 1 4
4263 1 4
4264 1 4
4265 1 4
4266 4 5
4267 6 6
4268 7 7
4269 7 8
4270 1 4
4271 1 4
4272 1 4
4273 1 4
4274 1 4
4275 1 4
4276 2 5
4277 2 5
4278 2 5
4279 2 5
4280 2 4
4281 3 5
4282 3 5
4283 3 5
4284 3 5
4285 3 6
4286 2 5
4287 2 5
4288 2 5
4289 2 5
4290 2 4
4291 3 5
4292 3 5
4293 3 5
4294 21 13
4295 3 6
4296 2 5
4297 1 5
4298 2 5
4299 2 5
4300 1 4
4301 1 4
4302 1 4
4303 1 4
4304 1 4
4305 1 4
4306 2 5
4307 2 5
4308 2 5
4309 2 5
4310 1 4
4311 1 4
4312 1 4
4313 1 4
4314 1 4
4315 1 4
4316 2 5
4317 2 5
4318 2 5
4319 2 5
4320 1 4
4321 1 4
4322 1 4
4323 1 4
4324 1 4
4325 1 4
4326 4 5
4327 6 7
4328 5 6
4329 3 5
4330 1 4
4331 1 4
4332 1 4
4333 1 4
4334 0 4
4335 1 4
4336 6 6
4337 12 8
4338 3 5
4339 3 5
4340 1 4
4341 1 4
4342 1 4
4343 1 4
4344 1 4
4345 1 4
4346 6 6
4347 3 5
4348 5 6
4349 -1 412
4350 1 4
4351 1 4
4352 1 4
4353 1 4
4354 1 4
4355 1 4
4356 4 5
4357 6 6
4358 7 7
4359 7 8
4360 1 4
4361 1 4
4362 1 4
4363 1 4
4364 1 4
4365 1 4
4366 2 5
4367 2 5
4368 2 5
4369 2 5
4370 2 4
4371 3 5
4372 3 5
4373 3 5
4374 3 5
4375 3 6
4376 2 5
4377 2 5
4378 2 5
4379 2 5
4380 2 4
4381 3 5
4382 3 5
4383 3 5
4384 21 13
4385 3 6
4386 2 5
4387 1 5
4388 2 5
4389 2 5
4390 2 4
4391 7 7
4392 4 5
4393 5 6
4394 9 8
4395 3 6
4396 2 5
4397 2 5
4398 2 5
4399 2 5
4400 1 4
4401 1 4
4402 1 4
4403 1 4
4404 1 4
4405 1 4
4406 2 5
4407 2 5
4408 2 5
4409 2 5
4410 1 4
4411 1 4
4412 1 4
4413 1 4
4414 1 4
4415 1 4
4416 4 5
4417 6 7
4418 5 6
4419 3 5
4420 1 4
4421 1 4
4422 1 4
4423 1 4
4424 1 4
4425 1 4
4426 6 6
4427 12 8
4428 3 5
4429 3 5
4430 1 4
4431 1 4
4432 1 4
4433 1 4
4434 1 4
4435 1 4
4436 6 6
4437 3 5
4438 5 6
4439 -1 412
4440 1 4
4441 1 4
4442 1 4
4443 1 4
4444 0 4
4445 1 4
4446 4 5
4447 6 6
4448 7 7
4449 7 8
4450 1 4
4451 1 4
4452 1 4
4453 1 4
4454 1 4
4455 1 4
4456 2 5
4457 2 5
4458 2 5
4459 2 5
4460 2 4
4461 3 5
4462 3 5
4463 3 5
4464 3 5
4465 3 6
4466 2 5
4467 2 5
4468 2 5
4469 2 5
4470 2 4
4471 3 5
4472 3 5
4473 3 5
4474 21 13
4475 3 6
4476 2 5
4477 1 5
4478 2 5
4479 2 5
4480 2 4
4481 7 7
4482 4 5
4483 5 6
4484 9 8
4485 3 6
4486 2 5
4487 2 5
4488 2 5
4489 2 5
4490 2 4
4491 4 5
4492 -1 412
4493 16 10
4494 -1 428
4495 4 6
4496 2 5
4497 2 5
4498 2 5
4499 2 5
4500 1 4
4501 1 4
4502 1 4
4503 1 4
4504 1 4
4505 1 4
4506 4 5
4507 6 7
4508 5 6
4509 3 5
4510 1 4
4511 1 4
4512 1 4
4513 1 4
4514 1 4
4515 1 4
4516 6 6
4517 12 8
4518 3 5
4519 3 5
4520 1 4
4521 1 4
4522 1 4
4523 1 4
4524 1 4
4525 1 4
4526 6 6
4527 3 5
4528 5 6
4529 -1 412
4530 1 4
4531 1 4
4532 1 4
4533 1 4
4534 1 4
4535 1 4
4536 4 5
4537 6 6
4538 7 7
4539 7 8
4540 1 4
4541 1 4
4542 1 4
4543 1 4
4544 1 4
4545 1 4
4546 2 5
4547 2 5
4548 2 5
4549 2 5
4550 2 4
4551 3 5
4552 3 5
4553 3 5
4554 0 4
4555 3 6
4556 2 5
4557 2 5
4558 2 5
4559 2 5
4560 2 4
4561 3 5
4562 3 5
4563 3 5
4564 21 13
4565 3 6
4566 2 5
4567 1 5
4568 2 5
4569 2 5
4570 2 4
4571 7 7
4572 4 5
4573 5 6
4574 9 8
4575 3 6
4576 2 5
4577 2 5
4578 2 5
4579 2 5
4580 2 4
4581 4 5
4582 -1 412
4583 16 10
4584 -1 428
4585 4 6
4586 2 5
4587 2 5
4588 2 5
4589 2 5
4590 2 4
4591 3 5
4592 3 5
4593 3 5
4594 3 5
4595 3 6
4596 4 5
4597 6 7
4598 5 6
4599 3 5
4600 1 4
4601 1 4
4602 1 4
4603 1 4
4604 1 4
4605 1 4
4606 6 6
4607 12 8
4608 3 5
4609 3 5
4610 1 4
4611 1 4
4612 1 4
4613 1 4
4614 1 4
4615 1 4
4616 6 6
4617 3 5
4618 5 6
4619 -1 412
4620 1 4
4621 1 4
4622 1 4
4623 1 4
4624 1 4
4625 1 4
4626 4 5
4627 6 6
4628 7 7
4629 7 8
4630 1 4
4631 1 4
4632 1 4
4633 1 4
4634 1 4
4635 1 4
4636 2 5
4637 2 5
4638 2 5
4639 2 5
4640 2 4
4641 3 5
4642 3 5
4643 3 5
4644 3 5
4645 3 6
4646 2 5
4647 2 5
4648 2 5
4649 2 5
4650 2 4
4651 3 5
4652 3 5
4653 3 5
4654 21 13
4655 3 6
4656 2 5
4657 1 5
4658 2 5
4659 2 5
4660 2 4
4661 7 7
4662 4 5
4663 5 6
4664 0 4
4665 3 6
4666 2 5
4667 2 5
4668 2 5
4669 2 5
4670 2 4
4671 4 5
4672 -1 412
4673 16 10
4674 -1 428
4675 4 6
4676 2 5
4677 2 5
4678 2 5
4679 2 5
4680 2 4
4681 3 5
4682 3 5
4683 3 5
4684 3 5
4685 3 6
4686 4 5
4687 6 7
4688 5 6
4689 3 5
4690 4 6
4691 2 5
4692 3 5
4693 3 5
4694 5 6
4695 3 6
4696 6 6
4697 12 8
4698 3 5
4699 3 5
4700 1 4
4701 1 4
4702 1 4
4703 1 4
4704 1 4
4705 1 4
4706 6 6
4707 3 5
4708 5 6
4709 -1 412
4710 1 4
4711 1 4
4712 1 4
4713 1 4
4714 1 4
4715 1 4
4716 4 5
4717 6 6
4718 7 7
4719 7 8
4720 1 4
4721 1 4
4722 1 4
4723 1 4
4724 1 4
4725 1 4
4726 2 5
4727 2 5
4728 2 5
4729 2 5
4730 2 4
4731 3 5
4732 3 5
4733 3 5
4734 3 5
4735 3 6
4736 2 5
4737 2 5
4738 2 5
4739 2 5
4740 2 4
4741 3 5
4742 3 5
4743 3 5
4744 21 13
4745 3 6
4746 2 5
4747 1 5
4748 2 5
4749 2 5
4750 2 4
4751 7 7
4752 4 5
4753 5 6
4754 9 8
4755 3 6
4756 2 5
4757 2 5
4758 2 5
4759 2 5
4760 2 4
4761 4 5
4762 -1 412
4763 16 10
4764 -1 428
4765 4 6
4766 2 5
4767 2 5
4768 2 5
4769 2 5
4770 2 4
4771 3 5
4772 3 5
4773 3 5
4774 0 4
4775 3 6
4776 4 5
4777 6 7
4778 5 6
4779 3 5
4780 4 6
4781 2 5
4782 3 5
4783 3 5
4784 5 6
4785 3 6
4786 6 6
4787 12 8
4788 3 5
4789 3 5
4790 5 6
4791 3 5
4792 3 5
4793 5 6
4794 13 10
4795 18 11
4796 6 6
4797 3 5
4798 5 6
4799 -1 412
4800 1 4
4801 1 4
4802 1 4
4803 1 4
4804 1 4
4805 1 4
4806 4 5
4807 6 6
4808 7 7
4809 7 8
4810 1 4
4811 1 4
4812 1 4
4813 1 4
4814 1 4
4815 1 4
4816 2 5
4817 2 5
4818 2 5
4819 2 5
4820 2 4
4821 3 5
4822 3 5
4823 3 5
4824 3 5
4825 3 6
4826 2 5
4827 2 5
4828 2 5
4829 2 5
4830 2 4
4831 3 5
4832 3 5
4833 3 5
4834 21 13
4835 3 6
4836 2 5
4837 1 5
4838 2 5
4839 2 5
4840 2 4
4841 7 7
4842 4 5
4843 5 6
4844 9 8
4845 3 6
4846 2 5
4847 2 5
4848 2 5
4849 2 5
4850 2 4
4851 4 5
4852 -1 412
4853 16 10
4854 -1 428
4855 4 6
4856 2 5
4857 2 5
4858 2 5
4859 2 5
4860 2 4
4861 3 5
4862 3 5
4863 3 5
4864 3 5
4865 3 6
4866 4 5
4867 6 7
4868 5 6
4869 3 5
4870 4 6
4871 2 5
4872 3 5
4873 3 5
4874 5 6
4875 3 6
4876 6 6
4877 12 8
4878 3 5
4879 3 5
4880 5 6
4881 3 5
4882 3 5
4883 5 6
4884 0 4
4885 18 11
4886 6 6
4887 3 5
4888 5 6
4889 -1 412
4890 4 6
4891 13 8
4892 4 5
4893 6 6
4894 16 12
4895 7 7
4896 4 5
4897 6 6
4898 7 7
4899 7 8
4900 1 4
4901 1 4
4902 1 4
4903 1 4
4904 1 4
4905 1 4
4906 2 5
4907 2 5
4908 2 5
4909 2 5
4910 2 4
4911 3 5
4912 3 5
4913 3 5
4914 3 5
4915 3 6
4916 2 5
4917 2 5
4918 2 5
4919 2 5
4920 2 4
4921 3 5
4922 3 5
4923 3 5
4924 21 13
4925 3 6
4926 2 5
4927 1 5
4928 2 5
4929 2 5
4930 2 4
4931 7 7
4932 4 5
4933 5 6
4934 9 8
4935 3 6
4936 2 5
4937 2 5
4938 2 5
4939 2 5
4940 2 4
4941 4 5
4942 -1 412
4943 16 10
4944 -1 428
4945 4 6
4946 2 5
4947 2 5
4948 2 5
4949 2 5
4950 2 4
4951 3 5
4952 3 5
4953 3 5
4954 3 5
4955 3 6
4956 4 5
4957 6 7
4958 5 6
4959 3 5
4960 4 6
4961 2 5
4962 3 5
4963 3 5
4964 5 6
4965 3 6
4966 6 6
4967 12 8
4968 3 5
4969 3 5
4970 5 6
4971 3 5
4972 3 5
4973 5 6
4974 13 10
4975 18 11
4976 6 6
4977 3 5
4978 5 6
4979 -1 412
4980 4 6
4981 13 8
4982 4 5
4983 6 6
4984 16 12
4985 7 7
4986 4 5
4987 6 6
4988 7 7
4989 7 8
4990 8 7
4991 7 6
4992 8 8
4993 5 6
4994 0 4
4995 15 10
4996 7 6
4997 9 7
4998 5 6
4999 7 8
5000 1 4
5001 1 4
5002 1 4
5003 1 4
5004 1 4
5005 0 4
5006 1 5
5007 2 5
5008 2 5
5009 2 5
5010 1 4
5011 1 4
5012 1 4
5013 1 4
5014 1 4
5015 2 5
5016 2 5
5017 2 5
5018 2 5
5019 2 5
5020 1 4
5021 1 4
5022 1 4
5023 1 4
5024 1 4
5025 2 5
5026 2 5
5027 2 5
5028 2 5
5029 2 5
5030 1 4
5031 1 4
5032 1 4
5033 1 4
5034 1 4
5035 2 5
5036 2 5
5037 2 5
5038 2 5
5039 2 5
5040 1 4
5041 1 4
5042 1 4
5043 1 4
5044 1 4
5045 2 5
5046 2 5
5047 2 5
5048 2 5
5049 2 5
5050 1 4
5051 1 4
5052 1 4
5053 1 4
5054 1 4
5055 4 5
5056 6 7
5057 5 6
5058 3 5
5059 4 6
5060 1 4
5061 1 4
5062 1 4
5063 1 4
5064 1 4
5065 6 6
5066 12 8
5067 3 5
5068 3 5
5069 4 6
5070 1 4
5071 1 4
5072 1 4
5073 1 4
5074 1 4
5075 6 6
5076 3 5
5077 5 6
5078 -1 412
5079 4 6
5080 1 4
5081 1 4
5082 1 4
5083 1 4
5084 1 4
5085 4 5
5086 6 6
5087 7 7
5088 7 8
5089 5 6
5090 1 4
5091 1 4
5092 1 4
5093 1 4
5094 1 4
5095 2 5
5096 2 5
5097 2 5
5098 2 5
5099 2 5
5100 1 4
5101 1 4
5102 1 4
5103 1 4
5104 1 4
5105 2 5
5106 2 5
5107 2 5
5108 2 5
5109 2 5
5110 1 4
5111 1 4
5112 1 4
5113 1 4
5114 1 4
5115 0 4
5116 2 5
5117 2 5
5118 2 5
5119 2 5
5120 1 4
5121 1 4
5122 1 4
5123 1 4
5124 1 4
5125 2 5
5126 2 5
5127 2 5
5128 2 5
5129 2 5
5130 1 4
5131 1 4
5132 1 4
5133 1 4
5134 1 4
5135 2 5
5136 2 5
5137 2 5
5138 2 5
5139 2 5
5140 1 4
5141 1 4
5142 1 4
5143 1 4
5144 1 4
5145 4 5
5146 6 7
5147 5 6
5148 3 5
5149 4 6
5150 1 4
5151 1 4
5152 1 4
5153 1 4
5154 1 4
5155 6 6
5156 12 8
5157 3 5
5158 3 5
5159 4 6
5160 1 4
5161 1 4
5162 1 4
5163 1 4
5164 1 4
5165 6 6
5166 3 5
5167 5 6
5168 -1 412
5169 4 6
5170 1 4
5171 1 4
5172 1 4
5173 1 4
5174 1 4
5175 4 5
5176 6 6
5177 7 7
5178 7 8
5179 5 6
5180 1 4
5181 1 4
5182 1 4
5183 1 4
5184 1 4
5185 2 5
5186 2 5
5187 2 5
5188 2 5
5189 2 5
5190 3 5
5191 3 5
5192 3 5
5193 3 5
5194 3 6
5195 2 5
5196 2 5
5197 2 5
5198 2 5
5199 2 5
5200 1 4
5201 1 4
5202 1 4
5203 1 4
5204 1 4
5205 2 5
5206 2 5
5207 2 5
5208 2 5
5209 2 5
5210 1 4
5211 1 4
5212 1 4
5213 1 4
5214 1 4
5215 2 5
5216 2 5
5217 2 5
5218 2 5
5219 2 5
5220 1 4
5221 1 4
5222 1 4
5223 1 4
5224 1 4
5225 0 4
5226 2 5
5227 2 5
5228 2 5
5229 2 5
5230 1 4
5231 1 4
5232 1 4
5233 1 4
5234 1 4
5235 4 5
5236 6 7
5237 5 6
5238 3 5
5239 4 6
5240 1 4
5241 1 4
5242 1 4
5243 1 4
5244 1 4
5245 6 6
5246 12 8
5247 3 5
5248 3 5
5249 4 6
5250 1 4
5251 1 4
5252 1 4
5253 1 4
5254 1 4
5255 6 6
5256 3 5
5257 5 6
5258 -1 412
5259 4 6
5260 1 4
5261 1 4
5262 1 4
5263 1 4
5264 1 4
5265 4 5
5266 6 6
5267 7 7
5268 7 8
5269 5 6
5270 1 4
5271 1 4
5272 1 4
5273 1 4
5274 1 4
5275 2 5
5276 2 5
5277 2 5
5278 2 5
5279 2 5
5280 3 5
5281 3 5
5282 3 5
5283 3 5
5284 3 6
5285 2 5
5286 2 5
5287 2 5
5288 2 5
5289 2 5
5290 3 5
5291 3 5
5292 3 5
5293 21 13
5294 3 6
5295 2 5
5296 1 5
5297 2 5
5298 2 5
5299 2 5
5300 1 4
5301 1 4
5302 1 4
5303 1 4
5304 1 4
5305 2 5
5306 2 5
5307 2 5
5308 2 5
5309 2 5
5310 1 4
5311 1 4
5312 1 4
5313 1 4
5314 1 4
5315 2 5
5316 2 5
5317 2 5
5318 2 5
5319 2 5
5320 1 4
5321 1 4
5322 1 4
5323 1 4
5324 1 4
5325 4 5
5326 6 7
5327 5 6
5328 3 5
5329 4 6
5330 1 4
5331 1 4
5332 1 4
5333 1 4
5334 1 4
5335 0 4
5336 12 8
5337 3 5
5338 3 5
5339 4 6
5340 1 4
5341 1 4
5342 1 4
5343 1 4
5344 1 4
5345 6 6
5346 3 5
5347 5 6
5348 -1 412
5349 4 6
5350 1 4
5351 1 4
5352 1 4
5353 1 4
5354 1 4
5355 4 5
5356 6 6
5357 7 7
5358 7 8
5359 5 6
5360 1 4
5361 1 4
5362 1 4
5363 1 4
5364 1 4
5365 2 5
5366 2 5
5367 2 5
5368 2 5
5369 2 5
5370 3 5
5371 3 5
5372 3 5
5373 3 5
5374 3 6
5375 2 5
5376 2 5
5377 2 5
5378 2 5
5379 2 5
5380 3 5
5381 3 5
5382 3 5
5383 21 13
5384 3 6
5385 2 5
5386 1 5
5387 2 5
5388 2 5
5389 2 5
5390 7 7
5391 4 5
5392 5 6
5393 9 8
5394 3 6
5395 2 5
5396 2 5
5397 2 5
5398 2 5
5399 2 5
5400 1 4
5401 1 4
5402 1 4
5403 1 4
5404 1 4
5405 2 5
5406 2 5
5407 2 5
5408 2 5
5409 2 5
5410 1 4
5411 1 4
5412 1 4
5413 1 4
5414 1 4
5415 4 5
5416 6 7
5417 5 6
5418 3 5
5419 4 6
5420 1 4
5421 1 4
5422 1 4
5423 1 4
5424 1 4
5425 6 6
5426 12 8
5427 3 5
5428 3 5
5429 4 6
5430 1 4
5431 1 4
5432 1 4
5433 1 4
5434 1 4
5435 6 6
5436 3 5
5437 5 6
5438 -1 412
5439 4 6
5440 1 4
5441 1 4
5442 1 4
5443 1 4
5444 1 4
5445 0 4
5446 6 6
5447 7 7
5448 7 8
5449 5 6
5450 1 4
5451 1 4
5452 1 4
5453 1 4
5454 1 4
5455 2 5
5456 2 5
5457 2 5
5458 2 5
5459 2 5
5460 3 5
5461 3 5
5462 3 5
5463 3 5
5464 3 6
5465 2 5
5466 2 5
5467 2 5
5468 2 5
5469 2 5
5470 3 5
5471 3 5
5472 3 5
5473 21 13
5474 3 6
5475 2 5
5476 1 5
5477 2 5
5478 2 5
5479 2 5
5480 7 7
5481 4 5
5482 5 6
5483 9 8
5484 3 6
5485 2 5
5486 2 5
5487 2 5
5488 2 5
5489 2 5
5490 4 5
5491 -1 412
5492 16 10
5493 -1 428
5494 4 6
5495 2 5
5496 2 5
5497 2 5
5498 2 5
5499 2 5
5500 1 4
5501 1 4
5502 1 4
5503 1 4
5504 1 4
5505 4 5
5506 6 7
5507 5 6
5508 3 5
5509 4 6
5510 1 4
5511 1 4
5512 1 4
5513 1 4
5514 1 4
5515 6 6
5516 12 8
5517 3 5
5518 3 5
5519 4 6
5520 1 4
5521 1 4
5522 1 4
5523 1 4
5524 1 4
5525 6 6
5526 3 5
5527 5 6
5528 -1 412
5529 4 6
5530 1 4
5531 1 4
5532 1 4
5533 1 4
5534 1 4
5535 4 5
5536 6 6
5537 7 7
5538 7 8
5539 5 6
5540 1 4
5541 1 4
5542 1 4
5543 1 4
5544 1 4
5545 2 5
5546 2 5
5547 2 5
5548 2 5
5549 2 5
5550 3 5
5551 3 5
5552 3 5
5553 3 5
5554 3 6
5555 0 4
5556 2 5
5557 2 5
5558 2 5
5559 2 5
5560 3 5
5561 3 5
5562 3 5
5563 21 13
5564 3 6
5565 2 5
5566 1 5
5567 2 5
5568 2 5
5569 2 5
5570 7 7
5571 4 5
5572 5 6
5573 9 8
5574 3 6
5575 2 5
5576 2 5
5577 2 5
5578 2 5
5579 2 5
5580 4 5
5581 -1 412
5582 16 10
5583 -1 428
5584 4 6
5585 2 5
5586 2 5
5587 2 5
5588 2 5
5589 2 5
5590 3 5
5591 3 5
5592 3 5
5593 3 5
5594 3 6
5595 4 5
5596 6 7
5597 5 6
5598 3 5
5599 4 6
5600 1 4
5601 1 4
5602 1 4
5603 1 4
5604 1 4
5605 6 6
5606 12 8
5607 3 5
5608 3 5
5609 4 6
5610 1 4
5611 1 4
5612 1 4
5613 1 4
5614 1 4
5615 6 6
5616 3 5
5617 5 6
5618 -1 412
5619 4 6
5620 1 4
5621 1 4
5622 1 4
5623 1 4
5624 1 4
5625 4 5
5626 6 6
5627 7 7
5628 7 8
5629 5 6
5630 1 4
5631 1 4
5632 1 4
5633 1 4
5634 1 4
5635 2 5
5636 2 5
5637 2 5
5638 2 5
5639 2 5
5640 3 5
5641 3 5
5642 3 5
5643 3 5
5644 3 6
5645 2 5
5646 2 5
5647 2 5
5648 2 5
5649 2 5
5650 3 5
5651 3 5
5652 3 5
5653 21 13
5654 3 6
5655 2 5
5656 1 5
5657 2 5
5658 2 5
5659 2 5
5660 7 7
5661 4 5
5662 5 6
5663 9 8
5664 3 6
5665 0 4
5666 2 5
5667 2 5
5668 2 5
5669 2 5
5670 4 5
5671 -1 412
5672 16 10
5673 -1 428
5674 4 6
5675 2 5
5676 2 5
5677 2 5
5678 2 5
5679 2 5
5680 3 5
5681 3 5
5682 3 5
5683 3 5
5684 3 6
5685 4 5
5686 6 7
5687 5 6
5688 3 5
5689 4 6
5690 2 5
5691 3 5
5692 3 5
5693 5 6
5694 3 6
5695 6 6
5696 12 8
5697 3 5
5698 3 5
5699 4 6
5700 1 4
5701 1 4
5702 1 4
5703 1 4
5704 1 4
5705 6 6
5706 3 5
5707 5 6
5708 -1 412
5709 4 6
5710 1 4
5711 1 4
5712 1 4
5713 1 4
5714 1 4
5715 4 5
5716 6 6
5717 7 7
5718 7 8
5719 5 6
5720 1 4
5721 1 4
5722 1 4
5723 1 4
5724 1 4
5725 2 5
5726 2 5
5727 2 5
5728 2 5
5729 2 5
5730 3 5
5731 3 5
5732 3 5
5733 3 5
5734 3 6
5735 2 5
5736 2 5
5737 2 5
5738 2 5
5739 2 5
5740 3 5
5741 3 5
5742 3 5
5743 21 13
5744 3 6
5745 2 5
5746 1 5
5747 2 5
5748 2 5
5749 2 5
5750 7 7
5751 4 5
5752 5 6
5753 9 8
5754 3 6
5755 2 5
5756 2 5
5757 2 5
5758 2 5
5759 2 5
5760 4 5
5761 -1 412
5762 16 10
5763 -1 428
5764 4 6
5765 2 5
5766 2 5
5767 2 5
5768 2 5
5769 2 5
5770 3 5
5771 3 5
5772 3 5
5773 3 5
5774 3 6
5775 0 4
5776 6 7
5777 5 6
5778 3 5
5779 4 6
5780 2 5
5781 3 5
5782 3 5
5783 5 6
5784 3 6
5785 6 6
5786 12 8
5787 3 5
5788 3 5
5789 4 6
5790 3 5
5791 3 5
5792 5 6
5793 13 10
5794 18 11
5795 6 6
5796 3 5
5797 5 6
5798 -1 412
5799 4 6
5800 1 4
5801 1 4
5802 1 4
5803 1 4
5804 1 4
5805 4 5
5806 6 6
5807 7 7
5808 7 8
5809 5 6
5810 1 4
5811 1 4
5812 1 4
5813 1 4
5814 1 4
5815 2 5
5816 2 5
5817 2 5
5818 2 5
5819 2 5
5820 3 5
5821 3 5
5822 3 5
5823 3 5
5824 3 6
5825 2 5
5826 2 5
5827 2 5
5828 2 5
5829 2 5
5830 3 5
5831 3 5
5832 3 5
5833 21 13
5834 3 6
5835 2 5
5836 1 5
5837 2 5
5838 2 5
5839 2 5
5840 7 7
5841 4 5
5842 5 6
5843 9 8
5844 3 6
5845 2 5
5846 2 5
5847 2 5
5848 2 5
5849 2 5
5850 4 5
5851 -1 412
5852 16 10
5853 -1 428
5854 4 6
5855 2 5
5856 2 5
5857 2 5
5858 2 5
5859 2 5
5860 3 5
5861 3 5
5862 3 5
5863 3 5
5864 3 6
5865 4 5
5866 6 7
5867 5 6
5868 3 5
5869 4 6
5870 2 5
5871 3 5
5872 3 5
5873 5 6
5874 3 6
5875 6 6
5876 12 8
5877 3 5
5878 3 5
5879 4 6
5880 3 5
5881 3 5
5882 5 6
5883 13 10
5884 18 11
5885 0 4
5886 3 5
5887 5 6
5888 -1 412
5889 4 6
5890 13 8
5891 4 5
5892 6 6
5893 16 12
5894 7 7
5895 4 5
5896 6 6
5897 7 7
5898 7 8
5899 5 6
5900 1 4
5901 1 4
5902 1 4
5903 1 4
5904 1 4
5905 2 5
5906 2 5
5907 2 5
5908 2 5
5909 2 5
5910 3 5
5911 3 5
5912 3 5
5913 3 5
5914 3 6
5915 2 5
5916 2 5
5917 2 5
5918 2 5
5919 2 5
5920 3 5
5921 3 5
5922 3 5
5923 21 13
5924 3 6
5925 2 5
5926 1 5
5927 2 5
5928 2 5
5929 2 5
5930 7 7
5931 4 5
5932 5 6
5933 9 8
5934 3 6
5935 2 5
5936 2 5
5937 2 5
5938 2 5
5939 2 5
5940 4 5
5941 -1 412
5942 16 10
5943 -1 428
5944 4 6
5945 2 5
5946 2 5
5947 2 5
5948 2 5
5949 2 5
5950 3 5
5951 3 5
5952 3 5
5953 3 5
5954 3 6
5955 4 5
5956 6 7
5957 5 6
5958 3 5
5959 4 6
5960 2 5
5961 3 5
5962 3 5
5963 5 6
5964 3 6
5965 6 6
5966 12 8
5967 3 5
5968 3 5
5969 4 6
5970 3 5
5971 3 5
5972 5 6
5973 13 10
5974 18 11
5975 6 6
5976 3 5
5977 5 6
5978 -1 412
5979 4 6
5980 13 8
5981 4 5
5982 6 6
5983 16 12
5984 7 7
5985 4 5
5986 6 6
5987 7 7
5988 7 8
5989 5 6
5990 7 6
5991 8 8
5992 5 6
5993 -1 438
5994 15 10
5995 0 4
5996 9 7
5997 5 6
5998 7 8
5999 4 6
6000 1 4
6001 1 4
6002 1 4
6003 1 4
6004 2 5
6005 1 5
6006 0 4
6007 2 5
6008 2 5
6009 2 5
6010 1 4
6011 1 4
6012 1 4
6013 1 4
6014 2 5
6015 2 5
6016 2 5
6017 2 5
6018 2 5
6019 2 5
6020 1 4
6021 1 4
6022 1 4
6023 1 4
6024 2 5
6025 2 5
6026 2 5
6027 2 5
6028 2 5
6029 2 5
6030 1 4
6031 1 4
6032 1 4
6033 1 4
6034 2 5
6035 2 5
6036 2 5
6037 2 5
6038 2 5
6039 2 5
6040 1 4
6041 1 4
6042 1 4
6043 1 4
6044 2 5
6045 2 5
6046 2 5
6047 2 5
6048 2 5
6049 4 6
6050 1 4
6051 1 4
6052 1 4
6053 1 4
6054 4 5
6055 6 7
6056 5 6
6057 3 5
6058 4 6
6059 4 6
6060 1 4
6061 1 4
6062 1 4
6063 1 4
6064 6 6
6065 12 8
6066 3 5
6067 3 5
6068 4 6
6069 5 6
6070 1 4
6071 1 4
6072 1 4
6073 1 4
6074 6 6
6075 3 5
6076 5 6
6077 -1 412
6078 4 6
6079 15 10
6080 1 4
6081 1 4
6082 1 4
6083 1 4
6084 4 5
6085 6 6
6086 7 7
6087 7 8
6088 5 6
6089 4 6
6090 1 4
6091 1 4
6092 1 4
6093 1 4
6094 2 5
6095 2 5
6096 2 5
6097 2 5
6098 2 5
6099 2 5
6100 1 4
6101 1 4
6102 1 4
6103 1 4
6104 2 5
6105 2 5
6106 2 5
6107 2 5
6108 2 5
6109 2 5
6110 1 4
6111 1 4
6112 1 4
6113 1 4
6114 2 5
6115 2 5
6116 0 4
6117 2 5
6118 2 5
6119 2 5
6120 1 4
6121 1 4
6122 1 4
6123 1 4
6124 2 5
6125 2 5
6126 2 5
6127 2 5
6128 2 5
6129 2 5
6130 1 4
6131 1 4
6132 1 4
6133 1 4
6134 2 5
6135 2 5
6136 2 5
6137 2 5
6138 2 5
6139 4 6
6140 1 4
6141 1 4
6142 1 4
6143 1 4
6144 4 5
6145 6 7
6146 5 6
6147 3 5
6148 4 6
6149 4 6
6150 1 4
6151 1 4
6152 1 4
6153 1 4
6154 6 6
6155 12 8
6156 3 5
6157 3 5
6158 4 6
6159 5 6
6160 1 4
6161 1 4
6162 1 4
6163 1 4
6164 6 6
6165 3 5
6166 5 6
6167 -1 412
6168 4 6
6169 15 10
6170 1 4
6171 1 4
6172 1 4
6173 1 4
6174 4 5
6175 6 6
6176 7 7
6177 7 8
6178 5 6
6179 4 6
6180 1 4
6181 1 4
6182 1 4
6183 1 4
6184 2 5
6185 2 5
6186 2 5
6187 2 5
6188 2 5
6189 2 5
6190 3 5
6191 3 5
6192 3 5
6193 3 6
6194 2 5
6195 2 5
6196 2 5
6197 2 5
6198 2 5
6199 2 5
6200 1 4
6201 1 4
6202 1 4
6203 1 4
6204 2 5
6205 2 5
6206 2 5
6207 2 5
6208 2 5
6209 2 5
6210 1 4
6211 1 4
6212 1 4
6213 1 4
6214 2 5
6215 2 5
6216 2 5
6217 2 5
6218 2 5
6219 2 5
6220 1 4
6221 1 4
6222 1 4
6223 1 4
6224 2 5
6225 2 5
6226 0 4
6227 2 5
6228 2 5
6229 4 6
6230 1 4
6231 1 4
6232 1 4
6233 1 4
6234 4 5
6235 6 7
6236 5 6
6237 3 5
6238 4 6
6239 4 6
6240 1 4
6241 1 4
6242 1 4
6243 1 4
6244 6 6
6245 12 8
6246 3 5
6247 3 5
6248 4 6
6249 5 6
6250 1 4
6251 1 4
6252 1 4
6253 1 4
6254 6 6
6255 3 5
6256 5 6
6257 -1 412
6258 4 6
6259 15 10
6260 1 4
6261 1 4
6262 1 4
6263 1 4
6264 4 5
6265 6 6
6266 7 7
6267 7 8
6268 5 6
6269 4 6
6270 1 4
6271 1 4
6272 1 4
6273 1 4
6274 2 5
6275 2 5
6276 2 5
6277 2 5
6278 2 5
6279 2 5
6280 3 5
6281 3 5
6282 3 5
6283 3 6
6284 2 5
6285 2 5
6286 2 5
6287 2 5
6288 2 5
6289 2 5
6290 3 5
6291 3 5
6292 21 13
6293 3 6
6294 2 5
6295 1 5
6296 2 5
6297 2 5
6298 2 5
6299 2 5
6300 1 4
6301 1 4
6302 1 4
6303 1 4
6304 2 5
6305 2 5
6306 2 5
6307 2 5
6308 2 5
6309 2 5
6310 1 4
6311 1 4
6312 1 4
6313 1 4
6314 2 5
6315 2 5
6316 2 5
6317 2 5
6318 2 5
6319 4 6
6320 1 4
6321 1 4
6322 1 4
6323 1 4
6324 4 5
6325 6 7
6326 5 6
6327 3 5
6328 4 6
6329 4 6
6330 1 4
6331 1 4
6332 1 4
6333 1 4
6334 6 6
6335 12 8
6336 0 4
6337 3 5
6338 4 6
6339 5 6
6340 1 4
6341 1 4
6342 1 4
6343 1 4
6344 6 6
6345 3 5
6346 5 6
6347 -1 412
6348 4 6
6349 15 10
6350 1 4
6351 1 4
6352 1 4
6353 1 4
6354 4 5
6355 6 6
6356 7 7
6357 7 8
6358 5 6
6359 4 6
6360 1 4
6361 1 4
6362 1 4
6363 1 4
6364 2 5
6365 2 5
6366 2 5
6367 2 5
6368 2 5
6369 2 5
6370 3 5
6371 3 5
6372 3 5
6373 3 6
6374 2 5
6375 2 5
6376 2 5
6377 2 5
6378 2 5
6379 2 5
6380 3 5
6381 3 5
6382 21 13
6383 3 6
6384 2 5
6385 1 5
6386 2 5
6387 2 5
6388 2 5
6389 2 5
6390 4 5
6391 5 6
6392 9 8
6393 3 6
6394 2 5
6395 2 5
6396 2 5
6397 2 5
6398 2 5
6399 2 5
6400 1 4
6401 1 4
6402 1 4
6403 1 4
6404 2 5
6405 2 5
6406 2 5
6407 2 5
6408 2 5
6409 4 6
6410 1 4
6411 1 4
6412 1 4
6413 1 4
6414 4 5
6415 6 7
6416 5 6
6417 3 5
6418 4 6
6419 4 6
6420 1 4
6421 1 4
6422 1 4
6423 1 4
6424 6 6
6425 12 8
6426 3 5
6427 3 5
6428 4 6
6429 5 6
6430 1 4
6431 1 4
6432 1 4
6433 1 4
6434 6 6
6435 3 5
6436 5 6
6437 -1 412
6438 4 6
6439 15 10
6440 1 4
6441 1 4
6442 1 4
6443 1 4
6444 4 5
6445 6 6
6446 0 4
6447 7 8
6448 5 6
6449 4 6
6450 1 4
6451 1 4
6452 1 4
6453 1 4
6454 2 5
6455 2 5
6456 2 5
6457 2 5
6458 2 5
6459 2 5
6460 3 5
6461 3 5
6462 3 5
6463 3 6
6464 2 5
6465 2 5
6466 2 5
6467 2 5
6468 2 5
6469 2 5
6470 3 5
6471 3 5
6472 21 13
6473 3 6
6474 2 5
6475 1 5
6476 2 5
6477 2 5
6478 2 5
6479 2 5
6480 4 5
6481 5 6
6482 9 8
6483 3 6
6484 2 5
6485 2 5
6486 2 5
6487 2 5
6488 2 5
6489 2 5
6490 -1 412
6491 16 10
6492 -1 428
6493 4 6
6494 2 5
6495 2 5
6496 2 5
6497 2 5
6498 2 5
6499 4 6
6500 1 4
6501 1 4
6502 1 4
6503 1 4
6504 4 5
6505 6 7
6506 5 6
6507 3 5
6508 4 6
6509 4 6
6510 1 4
6511 1 4
6512 1 4
6513 1 4
6514 6 6
6515 12 8
6516 3 5
6517 3 5
6518 4 6
6519 5 6
6520 1 4
6521 1 4
6522 1 4
6523 1 4
6524 6 6
6525 3 5
6526 5 6
6527 -1 412
6528 4 6
6529 15 10
6530 1 4
6531 1 4
6532 1 4
6533 1 4
6534 4 5
6535 6 6
6536 7 7
6537 7 8
6538 5 6
6539 4 6
6540 1 4
6541 1 4
6542 1 4
6543 1 4
6544 2 5
6545 2 5
6546 2 5
6547 2 5
6548 2 5
6549 2 5
6550 3 5
6551 3 5
6552 3 5
6553 3 6
6554 2 5
6555 2 5
6556 0 4
6557 2 5
6558 2 5
6559 2 5
6560 3 5
6561 3 5
6562 21 13
6563 3 6
6564 2 5
6565 1 5
6566 2 5
6567 2 5
6568 2 5
6569 2 5
6570 4 5
6571 5 6
6572 9 8
6573 3 6
6574 2 5
6575 2 5
6576 2 5
6577 2 5
6578 2 5
6579 2 5
6580 -1 412
6581 16 10
6582 -1 428
6583 4 6
6584 2 5
6585 2 5
6586 2 5
6587 2 5
6588 2 5
6589 4 6
6590 3 5
6591 3 5
6592 3 5
6593 3 6
6594 4 5
6595 6 7
6596 5 6
6597 3 5
6598 4 6
6599 4 6
6600 1 4
6601 1 4
6602 1 4
6603 1 4
6604 6 6
6605 12 8
6606 3 5
6607 3 5
6608 4 6
6609 5 6
6610 1 4
6611 1 4
6612 1 4
6613 1 4
6614 6 6
6615 3 5
6616 5 6
6617 -1 412
6618 4 6
6619 15 10
6620 1 4
6621 1 4
6622 1 4
6623 1 4
6624 4 5
6625 6 6
6626 7 7
6627 7 8
6628 5 6
6629 4 6
6630 1 4
6631 1 4
6632 1 4
6633 1 4
6634 2 5
6635 2 5
6636 2 5
6637 2 5
6638 2 5
6639 2 5
6640 3 5
6641 3 5
6642 3 5
6643 3 6
6644 2 5
6645 2 5
6646 2 5
6647 2 5
6648 2 5
6649 2 5
6650 3 5
6651 3 5
6652 21 13
6653 3 6
6654 2 5
6655 1 5
6656 2 5
6657 2 5
6658 2 5
6659 2 5
6660 4 5
6661 5 6
6662 9 8
6663 3 6
6664 2 5
6665 2 5
6666 0 4
6667 2 5
6668 2 5
6669 2 5
6670 -1 412
6671 16 10
6672 -1 428
6673 4 6
6674 2 5
6675 2 5
6676 2 5
6677 2 5
6678 2 5
6679 4 6
6680 3 5
6681 3 5
6682 3 5
6683 3 6
6684 4 5
6685 6 7
6686 5 6
6687 3 5
6688 4 6
6689 4 6
6690 3 5
6691 3 5
6692 5 6
6693 3 6
6694 6 6
6695 12 8
6696 3 5
6697 3 5
6698 4 6
6699 5 6
6700 1 4
6701 1 4
6702 1 4
6703 1 4
6704 6 6
6705 3 5
6706 5 6
6707 -1 412
6708 4 6
6709 15 10
6710 1 4
6711 1 4
6712 1 4
6713 1 4
6714 4 5
6715 6 6
6716 7 7
6717 7 8
6718 5 6
6719 4 6
6720 1 4
6721 1 4
6722 1 4
6723 1 4
6724 2 5
6725 2 5
6726 2 5
6727 2 5
6728 2 5
6729 2 5
6730 3 5
6731 3 5
6732 3 5
6733 3 6
6734 2 5
6735 2 5
6736 2 5
6737 2 5
6738 2 5
6739 2 5
6740 3 5
6741 3 5
6742 21 13
6743 3 6
6744 2 5
6745 1 5
6746 2 5
6747 2 5
6748 2 5
6749 2 5
6750 4 5
6751 5 6
6752 9 8
6753 3 6
6754 2 5
6755 2 5
6756 2 5
6757 2 5
6758 2 5
6759 2 5
6760 -1 412
6761 16 10
6762 -1 428
6763 4 6
6764 2 5
6765 2 5
6766 2 5
6767 2 5
6768 2 5
6769 4 6
6770 3 5
6771 3 5
6772 3 5
6773 3 6
6774 4 5
6775 6 7
6776 0 4
6777 3 5
6778 4 6
6779 4 6
6780 3 5
6781 3 5
6782 5 6
6783 3 6
6784 6 6
6785 12 8
6786 3 5
6787 3 5
6788 4 6
6789 5 6
6790 3 5
6791 5 6
6792 13 10
6793 18 11
6794 6 6
6795 3 5
6796 5 6
6797 -1 412
6798 4 6
6799 15 10
6800 1 4
6801 1 4
6802 1 4
6803 1 4
6804 4 5
6805 6 6
6806 7 7
6807 7 8
6808 5 6
6809 4 6
6810 1 4
6811 1 4
6812 1 4
6813 1 4
6814 2 5
6815 2 5
6816 2 5
6817 2 5
6818 2 5
6819 2 5
6820 3 5
6821 3 5
6822 3 5
6823 3 6
6824 2 5
6825 2 5
6826 2 5
6827 2 5
6828 2 5
6829 2 5
6830 3 5
6831 3 5
6832 21 13
6833 3 6
6834 2 5
6835 1 5
6836 2 5
6837 2 5
6838 2 5
6839 2 5
6840 4 5
6841 5 6
6842 9 8
6843 3 6
6844 2 5
6845 2 5
6846 2 5
6847 2 5
6848 2 5
6849 2 5
6850 -1 412
6851 16 10
6852 -1 428
6853 4 6
6854 2 5
6855 2 5
6856 2 5
6857 2 5
6858 2 5
6859 4 6
6860 3 5
6861 3 5
6862 3 5
6863 3 6
6864 4 5
6865 6 7
6866 5 6
6867 3 5
6868 4 6
6869 4 6
6870 3 5
6871 3 5
6872 5 6
6873 3 6
6874 6 6
6875 12 8
6876 3 5
6877 3 5
6878 4 6
6879 5 6
6880 3 5
6881 5 6
6882 13 10
6883 18 11
6884 6 6
6885 3 5
6886 0 4
6887 -1 412
6888 4 6
6889 15 10
6890 4 5
6891 6 6
6892 16 12
6893 7 7
6894 4 5
6895 6 6
6896 7 7
6897 7 8
6898 5 6
6899 4 6
6900 1 4
6901 1 4
6902 1 4
6903 1 4
6904 2 5
6905 2 5
6906 2 5
6907 2 5
6908 2 5
6909 2 5
6910 3 5
6911 3 5
6912 3 5
6913 3 6
6914 2 5
6915 2 5
6916 2 5
6917 2 5
6918 2 5
6919 2 5
6920 3 5
6921 3 5
6922 21 13
6923 3 6
6924 2 5
6925 1 5
6926 2 5
6927 2 5
6928 2 5
6929 2 5
6930 4 5
6931 5 6
6932 9 8
6933 3 6
6934 2 5
6935 2 5
6936 2 5
6937 2 5
6938 2 5
6939 2 5
6940 -1 412
6941 16 10
6942 -1 428
6943 4 6
6944 2 5
6945 2 5
6946 2 5
6947 2 5
6948 2 5
6949 4 6
6950 3 5
6951 3 5
6952 3 5
6953 3 6
6954 4 5
6955 6 7
6956 5 6
6957 3 5
6958 4 6
6959 4 6
6960 3 5
6961 3 5
6962 5 6
6963 3 6
6964 6 6
6965 12 8
6966 3 5
6967 3 5
6968 4 6
6969 5 6
6970 3 5
6971 5 6
6972 13 10
6973 18 11
6974 6 6
6975 3 5
6976 5 6
6977 -1 412
6978 4 6
6979 15 10
6980 4 5
6981 6 6
6982 16 12
6983 7 7
6984 4 5
6985 6 6
6986 7 7
6987 7 8
6988 5 6
6989 4 6
6990 8 8
6991 5 6
6992 -1 438
6993 15 10
6994 7 6
6995 9 7
6996 0 4
6997 7 8
6998 4 6
6999 20 14
7000 1 4
7001 1 4
7002 1 4
7003 2 5
7004 1 5
7005 2 5
7006 2 5
7007 0 4
7008 2 5
7009 2 5
7010 1 4
7011 1 4
7012 1 4
7013 2 5
7014 2 5
7015 2 5
7016 2 5
7017 2 5
7018 2 5
7019 2 5
7020 1 4
7021 1 4
7022 1 4
7023 2 5
7024 2 5
7025 2 5
7026 2 5
7027 2 5
7028 2 5
7029 2 5
7030 1 4
7031 1 4
7032 1 4
7033 2 5
7034 2 5
7035 2 5
7036 2 5
7037 2 5
7038 2 5
7039 4 6
7040 1 4
7041 1 4
7042 1 4
7043 2 5
7044 2 5
7045 2 5
7046 2 5
7047 2 5
7048 4 6
7049 13 9
7050 1 4
7051 1 4
7052 1 4
7053 4 5
7054 6 7
7055 5 6
7056 3 5
7057 4 6
7058 4 6
7059 -1 417
7060 1 4
7061 1 4
7062 1 4
7063 6 6
7064 12 8
7065 3 5
7066 3 5
7067 4 6
7068 5 6
7069 11 10
7070 1 4
7071 1 4
7072 1 4
7073 6 6
7074 3 5
7075 5 6
7076 -1 412
7077 4 6
7078 15 10
7079 4 6
7080 1 4
7081 1 4
7082 1 4
7083 4 5
7084 6 6
7085 7 7
7086 7 8
7087 5 6
7088 4 6
7089 4 6
7090 1 4
7091 1 4
7092 1 4
7093 2 5
7094 2 5
7095 2 5
7096 2 5
7097 2 5
7098 2 5
7099 2 5
7100 1 4
7101 1 4
7102 1 4
7103 2 5
7104 2 5
7105 2 5
7106 2 5
7107 2 5
7108 2 5
7109 2 5
7110 1 4
7111 1 4
7112 1 4
7113 2 5
7114 2 5
7115 2 5
7116 2 5
7117 0 4
7118 2 5
7119 2 5
7120 1 4
7121 1 4
7122 1 4
7123 2 5
7124 2 5
7125 2 5
7126 2 5
7127 2 5
7128 2 5
7129 4 6
7130 1 4
7131 1 4
7132 1 4
7133 2 5
7134 2 5
7135 2 5
7136 2 5
7137 2 5
7138 4 6
7139 13 9
7140 1 4
7141 1 4
7142 1 4
7143 4 5
7144 6 7
7145 5 6
7146 3 5
7147 4 6
7148 4 6
7149 -1 417
7150 1 4
7151 1 4
7152 1 4
7153 6 6
7154 12 8
7155 3 5
7156 3 5
7157 4 6
7158 5 6
7159 11 10
7160 1 4
7161 1 4
7162 1 4
7163 6 6
7164 3 5
7165 5 6
7166 -1 412
7167 4 6
7168 15 10
7169 4 6
7170 1 4
7171 1 4
7172 1 4
7173 4 5
7174 6 6
7175 7 7
7176 7 8
7177 5 6
7178 4 6
7179 4 6
7180 1 4
7181 1 4
7182 1 4
7183 2 5
7184 2 5
7185 2 5
7186 2 5
7187 2 5
7188 2 5
7189 2 5
7190 3 5
7191 3 5
7192 3 6
7193 2 5
7194 2 5
7195 2 5
7196 2 5
7197 2 5
7198 2 5
7199 2 5
7200 1 4
7201 1 4
7202 1 4
7203 2 5
7204 2 5
7205 2 5
7206 2 5
7207 2 5
7208 2 5
7209 2 5
7210 1 4
7211 1 4
7212 1 4
7213 2 5
7214 2 5
7215 2 5
7216 2 5
7217 2 5
7218 2 5
7219 4 6
7220 1 4
7221 1 4
7222 1 4
7223 2 5
7224 2 5
7225 2 5
7226 2 5
7227 0 4
7228 4 6
7229 13 9
7230 1 4
7231 1 4
7232 1 4
7233 4 5
7234 6 7
7235 5 6
7236 3 5
7237 4 6
7238 4 6
7239 -1 417
7240 1 4
7241 1 4
7242 1 4
7243 6 6
7244 12 8
7245 3 5
7246 3 5
7247 4 6
7248 5 6
7249 11 10
7250 1 4
7251 1 4
7252 1 4
7253 6 6
7254 3 5
7255 5 6
7256 -1 412
7257 4 6
7258 15 10
7259 4 6
7260 1 4
7261 1 4
7262 1 4
7263 4 5
7264 6 6
7265 7 7
7266 7 8
7267 5 6
7268 4 6
7269 4 6
7270 1 4
7271 1 4
7272 1 4
7273 2 5
7274 2 5
7275 2 5
7276 2 5
7277 2 5
7278 2 5
7279 2 5
7280 3 5
7281 3 5
7282 3 6
7283 2 5
7284 2 5
7285 2 5
7286 2 5
7287 2 5
7288 2 5
7289 2 5
7290 3 5
7291 21 13
7292 3 6
7293 2 5
7294 1 5
7295 2 5
7296 2 5
7297 2 5
7298 2 5
7299 2 5
7300 1 4
7301 1 4
7302 1 4
7303 2 5
7304 2 5
7305 2 5
7306 2 5
7307 2 5
7308 2 5
7309 4 6
7310 1 4
7311 1 4
7312 1 4
7313 2 5
7314 2 5
7315 2 5
7316 2 5
7317 2 5
7318 4 6
7319 13 9
7320 1 4
7321 1 4
7322 1 4
7323 4 5
7324 6 7
7325 5 6
7326 3 5
7327 4 6
7328 4 6
7329 -1 417
7330 1 4
7331 1 4
7332 1 4
7333 6 6
7334 12 8
7335 3 5
7336 3 5
7337 0 4
7338 5 6
7339 11 10
7340 1 4
7341 1 4
7342 1 4
7343 6 6
7344 3 5
7345 5 6
7346 -1 412
7347 4 6
7348 15 10
7349 4 6
7350 1 4
7351 1 4
7352 1 4
7353 4 5
7354 6 6
7355 7 7
7356 7 8
7357 5 6
7358 4 6
7359 4 6
7360 1 4
7361 1 4
7362 1 4
7363 2 5
7364 2 5
7365 2 5
7366 2 5
7367 2 5
7368 2 5
7369 2 5
7370 3 5
7371 3 5
7372 3 6
7373 2 5
7374 2 5
7375 2 5
7376 2 5
7377 2 5
7378 2 5
7379 2 5
7380 3 5
7381 21 13
7382 3 6
7383 2 5
7384 1 5
7385 2 5
7386 2 5
7387 2 5
7388 2 5
7389 2 5
7390 5 6
7391 9 8
7392 3 6
7393 2 5
7394 2 5
7395 2 5
7396 2 5
7397 2 5
7398 2 5
7399 4 6
7400 1 4
7401 1 4
7402 1 4
7403 2 5
7404 2 5
7405 2 5
7406 2 5
7407 2 5
7408 4 6
7409 13 9
7410 1 4
7411 1 4
7412 1 4
7413 4 5
7414 6 7
7415 5 6
7416 3 5
7417 4 6
7418 4 6
7419 -1 417
7420 1 4
7421 1 4
7422 1 4
7423 6 6
7424 12 8
7425 3 5
7426 3 5
7427 4 6
7428 5 6
7429 11 10
7430 1 4
7431 1 4
7432 1 4
7433 6 6
7434 3 5
7435 5 6
7436 -1 412
7437 4 6
7438 15 10
7439 4 6
7440 1 4
7441 1 4
7442 1 4
7443 4 5
7444 6 6
7445 7 7
7446 7 8
7447 0 4
7448 4 6
7449 4 6
7450 1 4
7451 1 4
7452 1 4
7453 2 5
7454 2 5
7455 2 5
7456 2 5
7457 2 5
7458 2 5
7459 2 5
7460 3 5
7461 3 5
7462 3 6
7463 2 5
7464 2 5
7465 2 5
7466 2 5
7467 2 5
7468 2 5
7469 2 5
7470 3 5
7471 21 13
7472 3 6
7473 2 5
7474 1 5
7475 2 5
7476 2 5
7477 2 5
7478 2 5
7479 2 5
7480 5 6
7481 9 8
7482 3 6
7483 2 5
7484 2 5
7485 2 5
7486 2 5
7487 2 5
7488 2 5
7489 4 6
7490 16 10
7491 -1 428
7492 4 6
7493 2 5
7494 2 5
7495 2 5
7496 2 5
7497 2 5
7498 4 6
7499 13 9
7500 1 4
7501 1 4
7502 1 4
7503 4 5
7504 6 7
7505 5 6
7506 3 5
7507 4 6
7508 4 6
7509 -1 417
7510 1 4
7511 1 4
7512 1 4
7513 6 6
7514 12 8
7515 3 5
7516 3 5
7517 4 6
7518 5 6
7519 11 10
7520 1 4
7521 1 4
7522 1 4
7523 6 6
7524 3 5
7525 5 6
7526 -1 412
7527 4 6
7528 15 10
7529 4 6
7530 1 4
7531 1 4
7532 1 4
7533 4 5
7534 6 6
7535 7 7
7536 7 8
7537 5 6
7538 4 6
7539 4 6
7540 1 4
7541 1 4
7542 1 4
7543 2 5
7544 2 5
7545 2 5
7546 2 5
7547 2 5
7548 2 5
7549 2 5
7550 3 5
7551 3 5
7552 3 6
7553 2 5
7554 2 5
7555 2 5
7556 2 5
7557 0 4
7558 2 5
7559 2 5
7560 3 5
7561 21 13
7562 3 6
7563 2 5
7564 1 5
7565 2 5
7566 2 5
7567 2 5
7568 2 5
7569 2 5
7570 5 6
7571 9 8
7572 3 6
7573 2 5
7574 2 5
7575 2 5
7576 2 5
7577 2 5
7578 2 5
7579 4 6
7580 16 10
7581 -1 428
7582 4 6
7583 2 5
7584 2 5
7585 2 5
7586 2 5
7587 2 5
7588 4 6
7589 13 9
7590 3 5
7591 3 5
7592 3 6
7593 4 5
7594 6 7
7595 5 6
7596 3 5
7597 4 6
7598 4 6
7599 -1 417
7600 1 4
7601 1 4
7602 1 4
7603 6 6
7604 12 8
7605 3 5
7606 3 5
7607 4 6
7608 5 6
7609 11 10
7610 1 4
7611 1 4
7612 1 4
7613 6 6
7614 3 5
7615 5 6
7616 -1 412
7617 4 6
7618 15 10
7619 4 6
7620 1 4
7621 1 4
7622 1 4
7623 4 5
7624 6 6
7625 7 7
7626 7 8
7627 5 6
7628 4 6
7629 4 6
7630 1 4
7631 1 4
7632 1 4
7633 2 5
7634 2 5
7635 2 5
7636 2 5
7637 2 5
7638 2 5
7639 2 5
7640 3 5
7641 3 5
7642 3 6
7643 2 5
7644 2 5
7645 2 5
7646 2 5
7647 2 5
7648 2 5
7649 2 5
7650 3 5
7651 21 13
7652 3 6
7653 2 5
7654 1 5
7655 2 5
7656 2 5
7657 2 5
7658 2 5
7659 2 5
7660 5 6
7661 9 8
7662 3 6
7663 2 5
7664 2 5
7665 2 5
7666 2 5
7667 0 4
7668 2 5
7669 4 6
7670 16 10
7671 -1 428
7672 4 6
7673 2 5
7674 2 5
7675 2 5
7676 2 5
7677 2 5
7678 4 6
7679 13 9
7680 3 5
7681 3 5
7682 3 6
7683 4 5
7684 6 7
7685 5 6
7686 3 5
7687 4 6
7688 4 6
7689 -1 417
7690 3 5
7691 5 6
7692 3 6
7693 6 6
7694 12 8
7695 3 5
7696 3 5
7697 4 6
7698 5 6
7699 11 10
7700 1 4
7701 1 4
7702 1 4
7703 6 6
7704 3 5
7705 5 6
7706 -1 412
7707 4 6
7708 15 10
7709 4 6
7710 1 4
7711 1 4
7712 1 4
7713 4 5
7714 6 6
7715 7 7
7716 7 8
7717 5 6
7718 4 6
7719 4 6
7720 1 4
7721 1 4
7722 1 4
7723 2 5
7724 2 5
7725 2 5
7726 2 5
7727 2 5
7728 2 5
7729 2 5
7730 3 5
7731 3 5
7732 3 6
7733 2 5
7734 2 5
7735 2 5
7736 2 5
7737 2 5
7738 2 5
7739 2 5
7740 3 5
7741 21 13
7742 3 6
7743 2 5
7744 1 5
7745 2 5
7746 2 5
7747 2 5
7748 2 5
7749 2 5
7750 5 6
7751 9 8
7752 3 6
7753 2 5
7754 2 5
7755 2 5
7756 2 5
7757 2 5
7758 2 5
7759 4 6
7760 16 10
7761 -1 428
7762 4 6
7763 2 5
7764 2 5
7765 2 5
7766 2 5
7767 2 5
7768 4 6
7769 13 9
7770 3 5
7771 3 5
7772 3 6
7773 4 5
7774 6 7
7775 5 6
7776 3 5
7777 0 4
7778 4 6
7779 -1 417
7780 3 5
7781 5 6
7782 3 6
7783 6 6
7784 12 8
7785 3 5
7786 3 5
7787 4 6
7788 5 6
7789 11 10
7790 5 6
7791 13 10
7792 18 11
7793 6 6
7794 3 5
7795 5 6
7796 -1 412
7797 4 6
7798 15 10
7799 4 6
7800 1 4
7801 1 4
7802 1 4
7803 4 5
7804 6 6
7805 7 7
7806 7 8
7807 5 6
7808 4 6
7809 4 6
7810 1 4
7811 1 4
7812 1 4
7813 2 5
7814 2 5
7815 2 5
7816 2 5
7817 2 5
7818 2 5
7819 2 5
7820 3 5
7821 3 5
7822 3 6
7823 2 5
7824 2 5
7825 2 5
7826 2 5
7827 2 5
7828 2 5
7829 2 5
7830 3 5
7831 21 13
7832 3 6
7833 2 5
7834 1 5
7835 2 5
7836 2 5
7837 2 5
7838 2 5
7839 2 5
7840 5 6
7841 9 8
7842 3 6
7843 2 5
7844 2 5
7845 2 5
7846 2 5
7847 2 5
7848 2 5
7849 4 6
7850 16 10
7851 -1 428
7852 4 6
7853 2 5
7854 2 5
7855 2 5
7856 2 5
7857 2 5
7858 4 6
7859 13 9
7860 3 5
7861 3 5
7862 3 6
7863 4 5
7864 6 7
7865 5 6
7866 3 5
7867 4 6
7868 4 6
7869 -1 417
7870 3 5
7871 5 6
7872 3 6
7873 6 6
7874 12 8
7875 3 5
7876 3 5
7877 4 6
7878 5 6
7879 11 10
7880 5 6
7881 13 10
7882 18 11
7883 6 6
7884 3 5
7885 5 6
7886 -1 412
7887 0 4
7888 15 10
7889 4 6
7890 6 6
7891 16 12
7892 7 7
7893 4 5
7894 6 6
7895 7 7
7896 7 8
7897 5 6
7898 4 6
7899 4 6
7900 1 4
7901 1 4
7902 1 4
7903 2 5
7904 2 5
7905 2 5
7906 2 5
7907 2 5
7908 2 5
7909 2 5
7910 3 5
7911 3 5
7912 3 6
7913 2 5
7914 2 5
7915 2 5
7916 2 5
7917 2 5
7918 2 5
7919 2 5
7920 3 5
7921 21 13
7922 3 6
7923 2 5
7924 1 5
7925 2 5
7926 2 5
7927 2 5
7928 2 5
7929 2 5
7930 5 6
7931 9 8
7932 3 6
7933 2 5
7934 2 5
7935 2 5
7936 2 5
7937 2 5
7938 2 5
7939 4 6
7940 16 10
7941 -1 428
7942 4 6
7943 2 5
7944 2 5
7945 2 5
7946 2 5
7947 2 5
7948 4 6
7949 13 9
7950 3 5
7951 3 5
7952 3 6
7953 4 5
7954 6 7
7955 5 6
7956 3 5
7957 4 6
7958 4 6
7959 -1 417
7960 3 5
7961 5 6
7962 3 6
7963 6 6
7964 12 8
7965 3 5
7966 3 5
7967 4 6
7968 5 6
7969 11 10
7970 5 6
7971 13 10
7972 18 11
7973 6 6
7974 3 5
7975 5 6
7976 -1 412
7977 4 6
7978 15 10
7979 4 6
7980 6 6
7981 16 12
7982 7 7
7983 4 5
7984 6 6
7985 7 7
7986 7 8
7987 5 6
7988 4 6
7989 4 6
7990 5 6
7991 -1 438
7992 15 10
7993 7 6
7994 9 7
7995 5 6
7996 7 8
7997 0 4
7998 20 14
7999 13 10
8000 1 4
8001 1 4
8002 2 5
8003 1 5
8004 2 5
8005 2 5
8006 2 5
8007 2 5
8008 0 4
8009 2 5
8010 1 4
8011 1 4
8012 2 5
8013 2 5
8014 2 5
8015 2 5
8016 2 5
8017 2 5
8018 2 5
8019 2 5
8020 1 4
8021 1 4
8022 2 5
8023 2 5
8024 2 5
8025 2 5
8026 2 5
8027 2 5
8028 2 5
8029 4 6
8030 1 4
8031 1 4
8032 2 5
8033 2 5
8034 2 5
8035 2 5
8036 2 5
8037 2 5
8038 4 6
8039 20 13
8040 1 4
8041 1 4
8042 2 5
8043 2 5
8044 2 5
8045 2 5
8046 2 5
8047 4 6
8048 13 9
8049 12 10
8050 1 4
8051 1 4
8052 4 5
8053 6 7
8054 5 6
8055 3 5
8056 4 6
8057 4 6
8058 -1 417
8059 8 8
8060 1 4
8061 1 4
8062 6 6
8063 12 8
8064 3 5
8065 3 5
8066 4 6
8067 5 6
8068 11 10
8069 15 12
8070 1 4
8071 1 4
8072 6 6
8073 3 5
8074 5 6
8075 -1 412
8076 4 6
8077 15 10
8078 4 6
8079 -1 428
8080 1 4
8081 1 4
8082 4 5
8083 6 6
8084 7 7
8085 7 8
8086 5 6
8087 4 6
8088 4 6
8089 -1 439
8090 1 4
8091 1 4
8092 2 5
8093 2 5
8094 2 5
8095 2 5
8096 2 5
8097 2 5
8098 2 5
8099 2 5
8100 1 4
8101 1 4
8102 2 5
8103 2 5
8104 2 5
8105 2 5
8106 2 5
8107 2 5
8108 2 5
8109 2 5
8110 1 4
8111 1 4
8112 2 5
8113 2 5
8114 2 5
8115 2 5
8116 2 5
8117 2 5
8118 0 4
8119 4 6
8120 1 4
8121 1 4
8122 2 5
8123 2 5
8124 2 5
8125 2 5
8126 2 5
8127 2 5
8128 4 6
8129 20 13
8130 1 4
8131 1 4
8132 2 5
8133 2 5
8134 2 5
8135 2 5
8136 2 5
8137 4 6
8138 13 9
8139 12 10
8140 1 4
8141 1 4
8142 4 5
8143 6 7
8144 5 6
8145 3 5
8146 4 6
8147 4 6
8148 -1 417
8149 8 8
8150 1 4
8151 1 4
8152 6 6
8153 12 8
8154 3 5
8155 3 5
8156 4 6
8157 5 6
8158 11 10
8159 15 12
8160 1 4
8161 1 4
8162 6 6
8163 3 5
8164 5 6
8165 -1 412
8166 4 6
8167 15 10
8168 4 6
8169 -1 428
8170 1 4
8171 1 4
8172 4 5
8173 6 6
8174 7 7
8175 7 8
8176 5 6
8177 4 6
8178 4 6
8179 -1 439
8180 1 4
8181 1 4
8182 2 5
8183 2 5
8184 2 5
8185 2 5
8186 2 5
8187 2 5
8188 2 5
8189 2 5
8190 3 5
8191 3 6
8192 2 5
8193 2 5
8194 2 5
8195 2 5
8196 2 5
8197 2 5
8198 2 5
8199 2 5
8200 1 4
8201 1 4
8202 2 5
8203 2 5
8204 2 5
8205 2 5
8206 2 5
8207 2 5
8208 2 5
8209 4 6
8210 1 4
8211 1 4
8212 2 5
8213 2 5
8214 2 5
8215 2 5
8216 2 5
8217 2 5
8218 4 6
8219 20 13
8220 1 4
8221 1 4
8222 2 5
8223 2 5
8224 2 5
8225 2 5
8226 2 5
8227 4 6
8228 0 4
8229 12 10
8230 1 4
8231 1 4
8232 4 5
8233 6 7
8234 5 6
8235 3 5
8236 4 6
8237 4 6
8238 -1 417
8239 8 8
8240 1 4
8241 1 4
8242 6 6
8243 12 8
8244 3 5
8245 3 5
8246 4 6
8247 5 6
8248 11 10
8249 15 12
8250 1 4
8251 1 4
8252 6 6
8253 3 5
8254 5 6
8255 -1 412
8256 4 6
8257 15 10
8258 4 6
8259 -1 428
8260 1 4
8261 1 4
8262 4 5
8263 6 6
8264 7 7
8265 7 8
8266 5 6
8267 4 6
8268 4 6
8269 -1 439
8270 1 4
8271 1 4
8272 2 5
8273 2 5
8274 2 5
8275 2 5
8276 2 5
8277 2 5
8278 2 5
8279 2 5
8280 3 5
8281 3 6
8282 2 5
8283 2 5
8284 2 5
8285 2 5
8286 2 5
8287 2 5
8288 2 5
8289 2 5
8290 21 13
8291 3 6
8292 2 5
8293 1 5
8294 2 5
8295 2 5
8296 2 5
8297 2 5
8298 2 5
8299 4 6
8300 1 4
8301 1 4
8302 2 5
8303 2 5
8304 2 5
8305 2 5
8306 2 5
8307 2 5
8308 4 6
8309 20 13
8310 1 4
8311 1 4
8312 2 5
8313 2 5
8314 2 5
8315 2 5
8316 2 5
8317 4 6
8318 13 9
8319 12 10
8320 1 4
8321 1 4
8322 4 5
8323 6 7
8324 5 6
8325 3 5
8326 4 6
8327 4 6
8328 -1 417
8329 8 8
8330 1 4
8331 1 4
8332 6 6
8333 12 8
8334 3 5
8335 3 5
8336 4 6
8337 5 6
8338 0 4
8339 15 12
8340 1 4
8341 1 4
8342 6 6
8343 3 5
8344 5 6
8345 -1 412
8346 4 6
8347 15 10
8348 4 6
8349 -1 428
8350 1 4
8351 1 4
8352 4 5
8353 6 6
8354 7 7
8355 7 8
8356 5 6
8357 4 6
8358 4 6
8359 -1 439
8360 1 4
8361 1 4
8362 2 5
8363 2 5
8364 2 5
8365 2 5
8366 2 5
8367 2 5
8368 2 5
8369 2 5
8370 3 5
8371 3 6
8372 2 5
8373 2 5
8374 2 5
8375 2 5
8376 2 5
8377 2 5
8378 2 5
8379 2 5
8380 21 13
8381 3 6
8382 2 5
8383 1 5
8384 2 5
8385 2 5
8386 2 5
8387 2 5
8388 2 5
8389 4 6
8390 9 8
8391 3 6
8392 2 5
8393 2 5
8394 2 5
8395 2 5
8396 2 5
8397 2 5
8398 4 6
8399 20 13
8400 1 4
8401 1 4
8402 2 5
8403 2 5
8404 2 5
8405 2 5
8406 2 5
8407 4 6
8408 13 9
8409 12 10
8410 1 4
8411 1 4
8412 4 5
8413 6 7
8414 5 6
8415 3 5
8416 4 6
8417 4 6
8418 -1 417
8419 8 8
8420 1 4
8421 1 4
8422 6 6
8423 12 8
8424 3 5
8425 3 5
8426 4 6
8427 5 6
8428 11 10
8429 15 12
8430 1 4
8431 1 4
8432 6 6
8433 3 5
8434 5 6
8435 -1 412
8436 4 6
8437 15 10
8438 4 6
8439 -1 428
8440 1 4
8441 1 4
8442 4 5
8443 6 6
8444 7 7
8445 7 8
8446 5 6
8447 4 6
8448 0 4
8449 -1 439
8450 1 4
8451 1 4
8452 2 5
8453 2 5
8454 2 5
8455 2 5
8456 2 5
8457 2 5
8458 2 5
8459 2 5
8460 3 5
8461 3 6
8462 2 5
8463 2 5
8464 2 5
8465 2 5
8466 2 5
8467 2 5
8468 2 5
8469 2 5
8470 21 13
8471 3 6
8472 2 5
8473 1 5
8474 2 5
8475 2 5
8476 2 5
8477 2 5
8478 2 5
8479 4 6
8480 9 8
8481 3 6
8482 2 5
8483 2 5
8484 2 5
8485 2 5
8486 2 5
8487 2 5
8488 4 6
8489 20 13
8490 -1 428
8491 4 6
8492 2 5
8493 2 5
8494 2 5
8495 2 5
8496 2 5
8497 4 6
8498 13 9
8499 12 10
8500 1 4
8501 1 4
8502 4 5
8503 6 7
8504 5 6
8505 3 5
8506 4 6
8507 4 6
8508 -1 417
8509 8 8
8510 1 4
8511 1 4
8512 6 6
8513 12 8
8514 3 5
8515 3 5
8516 4 6
8517 5 6
8518 11 10
8519 15 12
8520 1 4
8521 1 4
8522 6 6
8523 3 5
8524 5 6
8525 -1 412
8526 4 6
8527 15 10
8528 4 6
8529 -1 428
8530 1 4
8531 1 4
8532 4 5
8533 6 6
8534 7 7
8535 7 8
8536 5 6
8537 4 6
8538 4 6
8539 -1 439
8540 1 4
8541 1 4
8542 2 5
8543 2 5
8544 2 5
8545 2 5
8546 2 5
8547 2 5
8548 2 5
8549 2 5
8550 3 5
8551 3 6
8552 2 5
8553 2 5
8554 2 5
8555 2 5
8556 2 5
8557 2 5
8558 0 4
8559 2 5
8560 21 13
8561 3 6
8562 2 5
8563 1 5
8564 2 5
8565 2 5
8566 2 5
8567 2 5
8568 2 5
8569 4 6
8570 9 8
8571 3 6
8572 2 5
8573 2 5
8574 2 5
8575 2 5
8576 2 5
8577 2 5
8578 4 6
8579 20 13
8580 -1 428
8581 4 6
8582 2 5
8583 2 5
8584 2 5
8585 2 5
8586 2 5
8587 4 6
8588 13 9
8589 12 10
8590 3 5
8591 3 6
8592 4 5
8593 6 7
8594 5 6
8595 3 5
8596 4 6
8597 4 6
8598 -1 417
8599 8 8
8600 1 4
8601 1 4
8602 6 6
8603 12 8
8604 3 5
8605 3 5
8606 4 6
8607 5 6
8608 11 10
8609 15 12
8610 1 4
8611 1 4
8612 6 6
8613 3 5
8614 5 6
8615 -1 412
8616 4 6
8617 15 10
8618 4 6
8619 -1 428
8620 1 4
8621 1 4
8622 4 5
8623 6 6
8624 7 7
8625 7 8
8626 5 6
8627 4 6
8628 4 6
8629 -1 439
8630 1 4
8631 1 4
8632 2 5
8633 2 5
8634 2 5
8635 2 5
8636 2 5
8637 2 5
8638 2 5
8639 2 5
8640 3 5
8641 3 6
8642 2 5
8643 2 5
8644 2 5
8645 2 5
8646 2 5
8647 2 5
8648 2 5
8649 2 5
8650 21 13
8651 3 6
8652 2 5
8653 1 5
8654 2 5
8655 2 5
8656 2 5
8657 2 5
8658 2 5
8659 4 6
8660 9 8
8661 3 6
8662 2 5
8663 2 5
8664 2 5
8665 2 5
8666 2 5
8667 2 5
8668 0 4
8669 20 13
8670 -1 428
8671 4 6
8672 2 5
8673 2 5
8674 2 5
8675 2 5
8676 2 5
8677 4 6
8678 13 9
8679 12 10
8680 3 5
8681 3 6
8682 4 5
8683 6 7
8684 5 6
8685 3 5
8686 4 6
8687 4 6
8688 -1 417
8689 8 8
8690 5 6
8691 3 6
8692 6 6
8693 12 8
8694 3 5
8695 3 5
8696 4 6
8697 5 6
8698 11 10
8699 15 12
8700 1 4
8701 1 4
8702 6 6
8703 3 5
8704 5 6
8705 -1 412
8706 4 6
8707 15 10
8708 4 6
8709 -1 428
8710 1 4
8711 1 4
8712 4 5
8713 6 6
8714 7 7
8715 7 8
8716 5 6
8717 4 6
8718 4 6
8719 -1 439
8720 1 4
8721 1 4
8722 2 5
8723 2 5
8724 2 5
8725 2 5
8726 2 5
8727 2 5
8728 2 5
8729 2 5
8730 3 5
8731 3 6
8732 2 5
8733 2 5
8734 2 5
8735 2 5
8736 2 5
8737 2 5
8738 2 5
8739 2 5
8740 21 13
8741 3 6
8742 2 5
8743 1 5
8744 2 5
8745 2 5
8746 2 5
8747 2 5
8748 2 5
8749 4 6
8750 9 8
8751 3 6
8752 2 5
8753 2 5
8754 2 5
8755 2 5
8756 2 5
8757 2 5
8758 4 6
8759 20 13
8760 -1 428
8761 4 6
8762 2 5
8763 2 5
8764 2 5
8765 2 5
8766 2 5
8767 4 6
8768 13 9
8769 12 10
8770 3 5
8771 3 6
8772 4 5
8773 6 7
8774 5 6
8775 3 5
8776 4 6
8777 4 6
8778 0 4
8779 8 8
8780 5 6
8781 3 6
8782 6 6
8783 12 8
8784 3 5
8785 3 5
8786 4 6
8787 5 6
8788 11 10
8789 15 12
8790 13 10
8791 18 11
8792 6 6
8793 3 5
8794 5 6
8795 -1 412
8796 4 6
8797 15 10
8798 4 6
8799 -1 428
8800 1 4
8801 1 4
8802 4 5
8803 6 6
8804 7 7
8805 7 8
8806 5 6
8807 4 6
8808 4 6
8809 -1 439
8810 1 4
8811 1 4
8812 2 5
8813 2 5
8814 2 5
8815 2 5
8816 2 5
8817 2 5
8818 2 5
8819 2 5
8820 3 5
8821 3 6
8822 2 5
8823 2 5
8824 2 5
8825 2 5
8826 2 5
8827 2 5
8828 2 5
8829 2 5
8830 21 13
8831 3 6
8832 2 5
8833 1 5
8834 2 5
8835 2 5
8836 2 5
8837 2 5
8838 2 5
8839 4 6
8840 9 8
8841 3 6
8842 2 5
8843 2 5
8844 2 5
8845 2 5
8846 2 5
8847 2 5
8848 4 6
8849 20 13
8850 -1 428
8851 4 6
8852 2 5
8853 2 5
8854 2 5
8855 2 5
8856 2 5
8857 4 6
8858 13 9
8859 12 10
8860 3 5
8861 3 6
8862 4 5
8863 6 7
8864 5 6
8865 3 5
8866 4 6
8867 4 6
8868 -1 417
8869 8 8
8870 5 6
8871 3 6
8872 6 6
8873 12 8
8874 3 5
8875 3 5
8876 4 6
8877 5 6
8878 11 10
8879 15 12
8880 13 10
8881 18 11
8882 6 6
8883 3 5
8884 5 6
8885 -1 412
8886 4 6
8887 15 10
8888 0 4
8889 -1 428
8890 16 12
8891 7 7
8892 4 5
8893 6 6
8894 7 7
8895 7 8
8896 5 6
8897 4 6
8898 4 6
8899 -1 439
8900 1 4
8901 1 4
8902 2 5
8903 2 5
8904 2 5
8905 2 5
8906 2 5
8907 2 5
8908 2 5
8909 2 5
8910 3 5
8911 3 6
8912 2 5
8913 2 5
8914 2 5
8915 2 5
8916 2 5
8917 2 5
8918 2 5
8919 2 5
8920 21 13
8921 3 6
8922 2 5
8923 1 5
8924 2 5
8925 2 5
8926 2 5
8927 2 5
8928 2 5
8929 4 6
8930 9 8
8931 3 6
8932 2 5
8933 2 5
8934 2 5
8935 2 5
8936 2 5
8937 2 5
8938 4 6
8939 20 13
8940 -1 428
8941 4 6
8942 2 5
8943 2 5
8944 2 5
8945 2 5
8946 2 5
8947 4 6
8948 13 9
8949 12 10
8950 3 5
8951 3 6
8952 4 5
8953 6 7
8954 5 6
8955 3 5
8956 4 6
8957 4 6
8958 -1 417
8959 8 8
8960 5 6
8961 3 6
8962 6 6
8963 12 8
8964 3 5
8965 3 5
8966 4 6
8967 5 6
8968 11 10
8969 15 12
8970 13 10
8971 18 11
8972 6 6
8973 3 5
8974 5 6
8975 -1 412
8976 4 6
8977 15 10
8978 4 6
8979 -1 428
8980 16 12
8981 7 7
8982 4 5
8983 6 6
8984 7 7
8985 7 8
8986 5 6
8987 4 6
8988 4 6
8989 -1 439
8990 -1 438
8991 15 10
8992 7 6
8993 9 7
8994 5 6
8995 7 8
8996 4 6
8997 20 14
8998 0 4
8999 6 7
9000 1 4
9001 2 5
9002 1 5
9003 2 5
9004 2 5
9005 2 5
9006 2 5
9007 2 5
9008 2 5
9009 0 4
9010 1 4
9011 2 5
9012 2 5
9013 2 5
9014 2 5
9015 2 5
9016 2 5
9017 2 5
9018 2 5
9019 4 7
9020 1 4
9021 2 5
9022 2 5
9023 2 5
9024 2 5
9025 2 5
9026 2 5
9027 2 5
9028 4 6
9029 7 7
9030 1 4
9031 2 5
9032 2 5
9033 2 5
9034 2 5
9035 2 5
9036 2 5
9037 4 6
9038 20 13
9039 11 10
9040 1 4
9041 2 5
9042 2 5
9043 2 5
9044 2 5
9045 2 5
9046 4 6
9047 13 9
9048 12 10
9049 4 7
9050 1 4
9051 4 5
9052 6 7
9053 5 6
9054 3 5
9055 4 6
9056 4 6
9057 -1 417
9058 8 8
9059 10 8
9060 1 4
9061 6 6
9062 12 8
9063 3 5
9064 3 5
9065 4 6
9066 5 6
9067 11 10
9068 15 12
9069 8 8
9070 1 4
9071 6 6
9072 3 5
9073 5 6
9074 -1 412
9075 4 6
9076 15 10
9077 4 6
9078 -1 428
9079 4 7
9080 1 4
9081 4 5
9082 6 6
9083 7 7
9084 7 8
9085 5 6
9086 4 6
9087 4 6
9088 -1 439
9089 8 8
9090 1 4
9091 2 5
9092 2 5
9093 2 5
9094 2 5
9095 2 5
9096 2 5
9097 2 5
9098 2 5
9099 2 5
9100 1 4
9101 2 5
9102 2 5
9103 2 5
9104 2 5
9105 2 5
9106 2 5
9107 2 5
9108 2 5
9109 4 7
9110 1 4
9111 2 5
9112 2 5
9113 2 5
9114 2 5
9115 2 5
9116 2 5
9117 2 5
9118 4 6
9119 0 4
9120 1 4
9121 2 5
9122 2 5
9123 2 5
9124 2 5
9125 2 5
9126 2 5
9127 4 6
9128 20 13
9129 11 10
9130 1 4
9131 2 5
9132 2 5
9133 2 5
9134 2 5
9135 2 5
9136 4 6
9137 13 9
9138 12 10
9139 4 7
9140 1 4
9141 4 5
9142 6 7
9143 5 6
9144 3 5
9145 4 6
9146 4 6
9147 -1 417
9148 8 8
9149 10 8
9150 1 4
9151 6 6
9152 12 8
9153 3 5
9154 3 5
9155 4 6
9156 5 6
9157 11 10
9158 15 12
9159 8 8
9160 1 4
9161 6 6
9162 3 5
9163 5 6
9164 -1 412
9165 4 6
9166 15 10
9167 4 6
9168 -1 428
9169 4 7
9170 1 4
9171 4 5
9172 6 6
9173 7 7
9174 7 8
9175 5 6
9176 4 6
9177 4 6
9178 -1 439
9179 8 8
9180 1 4
9181 2 5
9182 2 5
9183 2 5
9184 2 5
9185 2 5
9186 2 5
9187 2 5
9188 2 5
9189 2 5
9190 3 6
9191 2 5
9192 2 5
9193 2 5
9194 2 5
9195 2 5
9196 2 5
9197 2 5
9198 2 5
9199 4 7
9200 1 4
9201 2 5
9202 2 5
9203 2 5
9204 2 5
9205 2 5
9206 2 5
9207 2 5
9208 4 6
9209 7 7
9210 1 4
9211 2 5
9212 2 5
9213 2 5
9214 2 5
9215 2 5
9216 2 5
9217 4 6
9218 20 13
9219 11 10
9220 1 4
9221 2 5
9222 2 5
9223 2 5
9224 2 5
9225 2 5
9226 4 6
9227 13 9
9228 12 10
9229 0 4
9230 1 4
9231 4 5
9232 6 7
9233 5 6
9234 3 5
9235 4 6
9236 4 6
9237 -1 417
9238 8 8
9239 10 8
9240 1 4
9241 6 6
9242 12 8
9243 3 5
9244 3 5
9245 4 6
9246 5 6
9247 11 10
9248 15 12
9249 8 8
9250 1 4
9251 6 6
9252 3 5
9253 5 6
9254 -1 412
9255 4 6
9256 15 10
9257 4 6
9258 -1 428
9259 4 7
9260 1 4
9261 4 5
9262 6 6
9263 7 7
9264 7 8
9265 5 6
9266 4 6
9267 4 6
9268 -1 439
9269 8 8
9270 1 4
9271 2 5
9272 2 5
9273 2 5
9274 2 5
9275 2 5
9276 2 5
9277 2 5
9278 2 5
9279 2 5
9280 3 6
9281 2 5
9282 2 5
9283 2 5
9284 2 5
9285 2 5
9286 2 5
9287 2 5
9288 2 5
9289 4 7
9290 3 6
9291 2 5
9292 1 5
9293 2 5
9294 2 5
9295 2 5
9296 2 5
9297 2 5
9298 4 6
9299 7 7
9300 1 4
9301 2 5
9302 2 5
9303 2 5
9304 2 5
9305 2 5
9306 2 5
9307 4 6
9308 20 13
9309 11 10
9310 1 4
9311 2 5
9312 2 5
9313 2 5
9314 2 5
9315 2 5
9316 4 6
9317 13 9
9318 12 10
9319 4 7
9320 1 4
9321 4 5
9322 6 7
9323 5 6
9324 3 5
9325 4 6
9326 4 6
9327 -1 417
9328 8 8
9329 10 8
9330 1 4
9331 6 6
9332 12 8
9333 3 5
9334 3 5
9335 4 6
9336 5 6
9337 11 10
9338 15 12
9339 0 4
9340 1 4
9341 6 6
9342 3 5
9343 5 6
9344 -1 412
9345 4 6
9346 15 10
9347 4 6
9348 -1 428
9349 4 7
9350 1 4
9351 4 5
9352 6 6
9353 7 7
9354 7 8
9355 5 6
9356 4 6
9357 4 6
9358 -1 439
9359 8 8
9360 1 4
9361 2 5
9362 2 5
9363 2 5
9364 2 5
9365 2 5
9366 2 5
9367 2 5
9368 2 5
9369 2 5
9370 3 6
9371 2 5
9372 2 5
9373 2 5
9374 2 5
9375 2 5
9376 2 5
9377 2 5
9378 2 5
9379 4 7
9380 3 6
9381 2 5
9382 1 5
9383 2 5
9384 2 5
9385 2 5
9386 2 5
9387 2 5
9388 4 6
9389 7 7
9390 3 6
9391 2 5
9392 2 5
9393 2 5
9394 2 5
9395 2 5
9396 2 5
9397 4 6
9398 20 13
9399 11 10
9400 1 4
9401 2 5
9402 2 5
9403 2 5
9404 2 5
9405 2 5
9406 4 6
9407 13 9
9408 12 10
9409 4 7
9410 1 4
9411 4 5
9412 6 7
9413 5 6
9414 3 5
9415 4 6
9416 4 6
9417 -1 417
9418 8 8
9419 10 8
9420 1 4
9421 6 6
9422 12 8
9423 3 5
9424 3 5
9425 4 6
9426 5 6
9427 11 10
9428 15 12
9429 8 8
9430 1 4
9431 6 6
9432 3 5
9433 5 6
9434 -1 412
9435 4 6
9436 15 10
9437 4 6
9438 -1 428
9439 4 7
9440 1 4
9441 4 5
9442 6 6
9443 7 7
9444 7 8
9445 5 6
9446 4 6
9447 4 6
9448 -1 439
9449 0 4
9450 1 4
9451 2 5
9452 2 5
9453 2 5
9454 2 5
9455 2 5
9456 2 5
9457 2 5
9458 2 5
9459 2 5
9460 3 6
9461 2 5
9462 2 5
9463 2 5
9464 2 5
9465 2 5
9466 2 5
9467 2 5
9468 2 5
9469 4 7
9470 3 6
9471 2 5
9472 1 5
9473 2 5
9474 2 5
9475 2 5
9476 2 5
9477 2 5
9478 4 6
9479 7 7
9480 3 6
9481 2 5
9482 2 5
9483 2 5
9484 2 5
9485 2 5
9486 2 5
9487 4 6
9488 20 13
9489 11 10
9490 4 6
9491 2 5
9492 2 5
9493 2 5
9494 2 5
9495 2 5
9496 4 6
9497 13 9
9498 12 10
9499 4 7
9500 1 4
9501 4 5
9502 6 7
9503 5 6
9504 3 5
9505 4 6
9506 4 6
9507 -1 417
9508 8 8
9509 10 8
9510 1 4
9511 6 6
9512 12 8
9513 3 5
9514 3 5
9515 4 6
9516 5 6
9517 11 10
9518 15 12
9519 8 8
9520 1 4
9521 6 6
9522 3 5
9523 5 6
9524 -1 412
9525 4 6
9526 15 10
9527 4 6
9528 -1 428
9529 4 7
9530 1 4
9531 4 5
9532 6 6
9533 7 7
9534 7 8
9535 5 6
9536 4 6
9537 4 6
9538 -1 439
9539 8 8
9540 1 4
9541 2 5
9542 2 5
9543 2 5
9544 2 5
9545 2 5
9546 2 5
9547 2 5
9548 2 5
9549 2 5
9550 3 6
9551 2 5
9552 2 5
9553 2 5
9554 2 5
9555 2 5
9556 2 5
9557 2 5
9558 2 5
9559 0 4
9560 3 6
9561 2 5
9562 1 5
9563 2 5
9564 2 5
9565 2 5
9566 2 5
9567 2 5
9568 4 6
9569 7 7
9570 3 6
9571 2 5
9572 2 5
9573 2 5
9574 2 5
9575 2 5
9576 2 5
9577 4 6
9578 20 13
9579 11 10
9580 4 6
9581 2 5
9582 2 5
9583 2 5
9584 2 5
9585 2 5
9586 4 6
9587 13 9
9588 12 10
9589 4 7
9590 3 6
9591 4 5
9592 6 7
9593 5 6
9594 3 5
9595 4 6
9596 4 6
9597 -1 417
9598 8 8
9599 10 8
9600 1 4
9601 6 6
9602 12 8
9603 3 5
9604 3 5
9605 4 6
9606 5 6
9607 11 10
9608 15 12
9609 8 8
9610 1 4
9611 6 6
9612 3 5
9613 5 6
9614 -1 412
9615 4 6
9616 15 10
9617 4 6
9618 -1 428
9619 4 7
9620 1 4
9621 4 5
9622 6 6
9623 7 7
9624 7 8
9625 5 6
9626 4 6
9627 4 6
9628 -1 439
9629 8 8
9630 1 4
9631 2 5
9632 2 5
9633 2 5
9634 2 5
9635 2 5
9636 2 5
9637 2 5
9638 2 5
9639 2 5
9640 3 6
9641 2 5
9642 2 5
9643 2 5
9644 2 5
9645 2 5
9646 2 5
9647 2 5
9648 2 5
9649 4 7
9650 3 6
9651 2 5
9652 1 5
9653 2 5
9654 2 5
9655 2 5
9656 2 5
9657 2 5
9658 4 6
9659 7 7
9660 3 6
9661 2 5
9662 2 5
9663 2 5
9664 2 5
9665 2 5
9666 2 5
9667 4 6
9668 20 13
9669 0 4
9670 4 6
9671 2 5
9672 2 5
9673 2 5
9674 2 5
9675 2 5
9676 4 6
9677 13 9
9678 12 10
9679 4 7
9680 3 6
9681 4 5
9682 6 7
9683 5 6
9684 3 5
9685 4 6
9686 4 6
9687 -1 417
9688 8 8
9689 10 8
9690 3 6
9691 6 6
9692 12 8
9693 3 5
9694 3 5
9695 4 6
9696 5 6
9697 11 10
9698 15 12
9699 8 8
9700 1 4
9701 6 6
9702 3 5
9703 5 6
9704 -1 412
9705 4 6
9706 15 10
9707 4 6
9708 -1 428
9709 4 7
9710 1 4
9711 4 5
9712 6 6
9713 7 7
9714 7 8
9715 5 6
9716 4 6
9717 4 6
9718 -1 439
9719 8 8
9720 1 4
9721 2 5
9722 2 5
9723 2 5
9724 2 5
9725 2 5
9726 2 5
9727 2 5
9728 2 5
9729 2 5
9730 3 6
9731 2 5
9732 2 5
9733 2 5
9734 2 5
9735 2 5
9736 2 5
9737 2 5
9738 2 5
9739 4 7
9740 3 6
9741 2 5
9742 1 5
9743 2 5
9744 2 5
9745 2 5
9746 2 5
9747 2 5
9748 4 6
9749 7 7
9750 3 6
9751 2 5
9752 2 5
9753 2 5
9754 2 5
9755 2 5
9756 2 5
9757 4 6
9758 20 13
9759 11 10
9760 4 6
9761 2 5
9762 2 5
9763 2 5
9764 2 5
9765 2 5
9766 4 6
9767 13 9
9768 12 10
9769 4 7
9770 3 6
9771 4 5
9772 6 7
9773 5 6
9774 3 5
9775 4 6
9776 4 6
9777 -1 417
9778 8 8
9779 0 4
9780 3 6
9781 6 6
9782 12 8
9783 3 5
9784 3 5
9785 4 6
9786 5 6
9787 11 10
9788 15 12
9789 8 8
9790 18 11
9791 6 6
9792 3 5
9793 5 6
9794 -1 412
9795 4 6
9796 15 10
9797 4 6
9798 -1 428
9799 4 7
9800 1 4
9801 4 5
9802 6 6
9803 7 7
9804 7 8
9805 5 6
9806 4 6
9807 4 6
9808 -1 439
9809 8 8
9810 1 4
9811 2 5
9812 2 5
9813 2 5
9814 2 5
9815 2 5
9816 2 5
9817 2 5
9818 2 5
9819 2 5
9820 3 6
9821 2 5
9822 2 5
9823 2 5
9824 2 5
9825 2 5
9826 2 5
9827 2 5
9828 2 5
9829 4 7
9830 3 6
9831 2 5
9832 1 5
9833 2 5
9834 2 5
9835 2 5
9836 2 5
9837 2 5
9838 4 6
9839 7 7
9840 3 6
9841 2 5
9842 2 5
9843 2 5
9844 2 5
9845 2 5
9846 2 5
9847 4 6
9848 20 13
9849 11 10
9850 4 6
9851 2 5
9852 2 5
9853 2 5
9854 2 5
9855 2 5
9856 4 6
9857 13 9
9858 12 10
9859 4 7
9860 3 6
9861 4 5
9862 6 7
9863 5 6
9864 3 5
9865 4 6
9866 4 6
9867 -1 417
9868 8 8
9869 10 8
9870 3 6
9871 6 6
9872 12 8
9873 3 5
9874 3 5
9875 4 6
9876 5 6
9877 11 10
9878 15 12
9879 8 8
9880 18 11
9881 6 6
9882 3 5
9883 5 6
9884 -1 412
9885 4 6
9886 15 10
9887 4 6
9888 -1 428
9889 0 4
9890 7 7
9891 4 5
9892 6 6
9893 7 7
9894 7 8
9895 5 6
9896 4 6
9897 4 6
9898 -1 439
9899 8 8
9900 1 4
9901 2 5
9902 2 5
9903 2 5
9904 2 5
9905 2 5
9906 2 5
9907 2 5
9908 2 5
9909 2 5
9910 3 6
9911 2 5
9912 2 5
9913 2 5
9914 2 5
9915 2 5
9916 2 5
9917 2 5
9918 2 5
9919 4 7
9920 3 6
9921 2 5
9922 1 5
9923 2 5
9924 2 5
9925 2 5
9926 2 5
9927 2 5
9928 4 6
9929 7 7
9930 3 6
9931 2 5
9932 2 5
9933 2 5
9934 2 5
9935 2 5
9936 2 5
9937 4 6
9938 20 13
9939 11 10
9940 4 6
9941 2 5
9942 2 5
9943 2 5
9944 2 5
9945 2 5
9946 4 6
9947 13 9
9948 12 10
9949 4 7
9950 3 6
9951 4 5
9952 6 7
9953 5 6
9954 3 5
9955 4 6
9956 4 6
9957 -1 417
9958 8 8
9959 10 8
9960 3 6
9961 6 6
9962 12 8
9963 3 5
9964 3 5
9965 4 6
9966 5 6
9967 11 10
9968 15 12
9969 8 8
9970 18 11
9971 6 6
9972 3 5
9973 5 6
9974 -1 412
9975 4 6
9976 15 10
9977 4 6
9978 -1 428
9979 4 7
9980 7 7
9981 4 5
9982 6 6
9983 7 7
9984 7 8
9985 5 6
9986 4 6
9987 4 6
9988 -1 439
9989 8 8
9990 15 10
9991 7 6
9992 9 7
9993 5 6
9994 7 8
9995 4 6
9996 20 14
9997 13 10
9998 6 7
9999 0 4
